22050 0.023849
14700 0.038050
11025 0.048615
8820 0.058146
7350 0.067247
6300 0.076135
5512 0.084905
4900 0.093592
4410 0.102233
4009 0.110840
3675 0.119421
3392 0.127976
3150 0.136505
2940 0.145003
2756 0.153463
2594 0.161882
2450 0.170252
2321 0.178566
2205 0.186818
2100 0.195000
2004 0.203104
1917 0.211122
1837 0.219048
1764 0.226871
1696 0.234586
1633 0.242183
1575 0.249652
1520 0.256989
1470 0.264184
1422 0.271230
1378 0.278118
1336 0.284839
1297 0.291387
1260 0.297751
1225 0.303925
1191 0.309900
1160 0.315669
1130 0.321223
1102 0.326555
1075 0.331657
1050 0.336520
1025 0.341138
1002 0.345502
980 0.349607
958 0.353443
938 0.357004
918 0.360284
900 0.363276
882 0.365972
864 0.368367
848 0.370453
832 0.372225
816 0.373678
801 0.374805
787 0.375600
773 0.376061
760 0.376180
747 0.375952
735 0.375376
722 0.374446
711 0.373159
700 0.371511
689 0.369499
678 0.367121
668 0.364372
658 0.361254
648 0.357762
639 0.353897
630 0.349657
621 0.345043
612 0.340053
604 0.334689
595 0.328952
588 0.322841
580 0.316360
572 0.309510
565 0.302294
558 0.294714
551 0.286776
544 0.278482
537 0.269836
531 0.260845
525 0.251513
518 0.241845
512 0.231850
506 0.221531
501 0.210899
495 0.199960
490 0.188722
484 0.177195
479 0.165386
474 0.153307
469 0.140966
464 0.128375
459 0.115543
454 0.102483
450 0.089206
445 0.075724
441 0.062050
436 0.048195
432 0.034175
428 0.020002
424 0.005689
420 -0.008748
416 -0.023296
412 -0.037940
408 -0.052665
404 -0.067455
400 -0.082296
397 -0.097172
393 -0.112066
390 -0.126963
386 -0.141848
383 -0.156704
380 -0.171514
376 -0.186264
373 -0.200935
370 -0.215512
367 -0.229979
364 -0.244320
361 -0.258517
358 -0.272556
355 -0.286420
352 -0.300093
350 -0.313560
347 -0.326805
344 -0.339814
341 -0.352570
339 -0.365059
336 -0.377269
334 -0.389183
331 -0.400789
329 -0.412072
326 -0.423020
324 -0.433620
321 -0.443860
319 -0.453729
317 -0.463215
315 -0.472309
312 -0.480999
310 -0.489275
308 -0.497130
306 -0.504554
304 -0.511540
302 -0.518080
300 -0.524167
297 -0.529796
295 -0.534962
294 -0.539659
292 -0.543883
290 -0.547631
288 -0.550901
286 -0.553690
284 -0.555998
282 -0.557822
280 -0.559164
279 -0.560025
277 -0.560405
275 -0.560308
273 -0.559735
272 -0.558691
270 -0.557180
268 -0.555207
267 -0.552777
265 -0.549896
264 -0.546573
262 -0.542814
260 -0.538627
259 -0.534022
257 -0.529009
256 -0.523596
254 -0.517795
253 -0.511616
252 -0.505073
250 -0.498177
249 -0.490940
247 -0.483376
246 -0.475498
245 -0.467322
243 -0.458860
242 -0.450129
240 -0.441142
239 -0.431917
238 -0.422468
237 -0.412812
235 -0.402965
234 -0.392944
233 -0.382764
232 -0.372444
230 -0.362001
229 -0.351450
228 -0.340810
227 -0.330097
226 -0.319329
225 -0.308522
223 -0.297694
222 -0.286862
221 -0.276042
220 -0.265251
219 -0.254506
218 -0.243823
217 -0.233217
216 -0.222705
215 -0.212302
214 -0.202023
213 -0.191883
212 -0.181897
211 -0.172077
210 -0.162438
209 -0.152992
208 -0.143753
207 -0.134733
206 -0.125943
205 -0.117394
204 -0.109096
203 -0.101060
202 -0.093295
201 -0.085810
200 -0.078613
199 -0.071711
198 -0.065111
197 -0.058820
196 -0.052843
196 -0.047185
195 -0.041851
194 -0.036844
193 -0.032166
192 -0.027821
191 -0.023809
190 -0.020132
190 -0.016791
189 -0.013783
188 -0.011110
187 -0.008768
186 -0.006756
186 -0.005071
185 -0.003708
184 -0.002664
183 -0.001935
182 -0.001513
182 -0.001395
181 -0.001573
180 -0.002040
180 -0.002788
179 -0.003811
178 -0.005098
177 -0.006642
177 -0.008432
176 -0.010460
175 -0.012715
175 -0.015186
174 -0.017862
173 -0.020733
172 -0.023787
172 -0.027013
171 -0.030398
170 -0.033930
170 -0.037598
169 -0.041388
168 -0.045289
168 -0.049287
167 -0.053369
167 -0.057525
166 -0.061739
165 -0.066001
165 -0.070297
164 -0.074615
163 -0.078942
163 -0.083266
162 -0.087575
162 -0.091857
161 -0.096100
160 -0.100294
160 -0.104425
159 -0.108485
159 -0.112461
158 -0.116344
158 -0.120124
157 -0.123791
156 -0.127336
156 -0.130749
155 -0.134024
155 -0.137151
154 -0.140124
154 -0.142934
153 -0.145577
153 -0.148045
152 -0.150332
152 -0.152435
151 -0.154348
151 -0.156068
150 -0.157590
150 -0.158911
149 -0.160030
148 -0.160944
148 -0.161652
147 -0.162153
147 -0.162447
147 -0.162533
146 -0.162413
146 -0.162088
145 -0.161559
145 -0.160828
144 -0.159899
144 -0.158774
143 -0.157457
143 -0.155953
142 -0.154265
142 -0.152398
141 -0.150358
141 -0.148151
140 -0.145784
140 -0.143261
140 -0.140590
139 -0.137779
139 -0.134834
138 -0.131763
138 -0.128575
137 -0.125277
137 -0.121879
136 -0.118387
136 -0.114813
136 -0.111163
135 -0.107448
135 -0.103676
134 -0.099857
134 -0.096001
134 -0.092115
133 -0.088210
133 -0.084296
132 -0.080380
132 -0.076473
132 -0.072584
131 -0.068721
131 -0.064893
130 -0.061110
130 -0.057380
130 -0.053711
129 -0.050111
129 -0.046588
128 -0.043151
128 -0.039805
128 -0.036559
127 -0.033420
127 -0.030393
127 -0.027486
126 -0.024703
126 -0.022051
126 -0.019534
125 -0.017158
125 -0.014926
124 -0.012843
124 -0.010913
124 -0.009138
123 -0.007521
123 -0.006065
123 -0.004771
122 -0.003641
122 -0.002677
122 -0.001878
121 -0.001246
121 -0.000779
121 -0.000478
120 -0.000341
120 -0.000366
120 -0.000553
119 -0.000898
119 -0.001399
119 -0.002054
118 -0.002858
118 -0.003809
118 -0.004901
117 -0.006131
117 -0.007494
117 -0.008985
116 -0.010598
116 -0.012329
116 -0.014171
116 -0.016117
115 -0.018163
115 -0.020300
115 -0.022523
114 -0.024825
114 -0.027198
114 -0.029635
113 -0.032130
113 -0.034674
113 -0.037260
113 -0.039880
112 -0.042528
112 -0.045195
112 -0.047873
111 -0.050556
111 -0.053235
111 -0.055904
111 -0.058554
110 -0.061179
110 -0.063771
110 -0.066323
109 -0.068828
109 -0.071279
109 -0.073670
109 -0.075995
108 -0.078247
108 -0.080421
108 -0.082510
108 -0.084509
107 -0.086414
107 -0.088218
107 -0.089919
107 -0.091510
106 -0.092989
106 -0.094351
106 -0.095594
106 -0.096714
105 -0.097708
105 -0.098575
105 -0.099312
105 -0.099918
104 -0.100391
104 -0.100731
104 -0.100937
104 -0.101008
103 -0.100946
103 -0.100750
103 -0.100421
103 -0.099961
102 -0.099371
102 -0.098652
102 -0.097808
102 -0.096841
101 -0.095753
101 -0.094548
101 -0.093230
101 -0.091801
100 -0.090265
100 -0.088628
100 -0.086894
100 -0.085066
100 -0.083151
99 -0.081154
99 -0.079079
99 -0.076933
99 -0.074721
98 -0.072448
98 -0.070122
98 -0.067747
98 -0.065331
98 -0.062879
97 -0.060398
97 -0.057894
97 -0.055374
97 -0.052843
96 -0.050309
96 -0.047778
96 -0.045256
96 -0.042749
96 -0.040265
95 -0.037807
95 -0.035384
95 -0.033001
95 -0.030663
95 -0.028377
94 -0.026147
94 -0.023980
94 -0.021879
94 -0.019851
94 -0.017900
93 -0.016030
93 -0.014246
93 -0.012551
93 -0.010950
93 -0.009446
92 -0.008041
92 -0.006740
92 -0.005545
92 -0.004457
92 -0.003480
91 -0.002614
91 -0.001863
91 -0.001225
91 -0.000703
91 -0.000297
90 -0.000007
90 0.000167
90 0.000225
90 0.000168
90 -0.000003
90 -0.000287
89 -0.000682
89 -0.001186
89 -0.001798
89 -0.002514
89 -0.003333
88 -0.004250
88 -0.005264
88 -0.006370
88 -0.007565
88 -0.008845
88 -0.010207
87 -0.011644
87 -0.013154
87 -0.014732
87 -0.016372
87 -0.018070
86 -0.019821
86 -0.021619
86 -0.023460
86 -0.025337
86 -0.027246
86 -0.029181
85 -0.031137
85 -0.033107
85 -0.035086
85 -0.037069
85 -0.039050
85 -0.041023
84 -0.042983
84 -0.044925
84 -0.046843
84 -0.048731
84 -0.050585
84 -0.052400
84 -0.054171
83 -0.055892
83 -0.057559
83 -0.059168
83 -0.060714
83 -0.062194
83 -0.063603
82 -0.064937
82 -0.066194
82 -0.067369
82 -0.068460
82 -0.069464
82 -0.070378
81 -0.071200
81 -0.071928
81 -0.072561
81 -0.073096
81 -0.073532
81 -0.073869
81 -0.074106
80 -0.074242
80 -0.074277
80 -0.074211
80 -0.074044
80 -0.073778
80 -0.073412
80 -0.072949
79 -0.072390
79 -0.071736
79 -0.070989
79 -0.070152
79 -0.069227
79 -0.068216
79 -0.067122
78 -0.065949
78 -0.064700
78 -0.063377
78 -0.061986
78 -0.060529
78 -0.059010
78 -0.057435
77 -0.055806
77 -0.054129
77 -0.052408
77 -0.050647
77 -0.048852
77 -0.047026
77 -0.045176
76 -0.043305
76 -0.041419
76 -0.039523
76 -0.037621
76 -0.035719
76 -0.033822
76 -0.031934
76 -0.030060
75 -0.028206
75 -0.026375
75 -0.024573
75 -0.022805
75 -0.021074
75 -0.019385
75 -0.017742
75 -0.016150
74 -0.014612
74 -0.013132
74 -0.011713
74 -0.010360
74 -0.009075
74 -0.007861
74 -0.006722
73 -0.005659
73 -0.004676
73 -0.003774
73 -0.002956
73 -0.002223
73 -0.001576
73 -0.001018
73 -0.000548
73 -0.000168
72 0.000121
72 0.000320
72 0.000429
72 0.000447
72 0.000375
72 0.000214
72 -0.000036
72 -0.000373
71 -0.000795
71 -0.001302
71 -0.001891
71 -0.002560
71 -0.003307
71 -0.004130
71 -0.005026
71 -0.005991
71 -0.007024
70 -0.008120
70 -0.009277
70 -0.010491
70 -0.011758
70 -0.013075
70 -0.014437
70 -0.015840
70 -0.017281
70 -0.018755
69 -0.020259
69 -0.021786
69 -0.023334
69 -0.024898
69 -0.026473
69 -0.028055
69 -0.029639
69 -0.031221
69 -0.032797
68 -0.034362
68 -0.035911
68 -0.037440
68 -0.038946
68 -0.040423
68 -0.041869
68 -0.043278
68 -0.044647
68 -0.045972
67 -0.047250
67 -0.048477
67 -0.049650
67 -0.050766
67 -0.051821
67 -0.052813
67 -0.053739
67 -0.054597
67 -0.055385
67 -0.056100
66 -0.056741
66 -0.057305
66 -0.057792
66 -0.058200
66 -0.058529
66 -0.058777
66 -0.058944
66 -0.059030
66 -0.059034
66 -0.058957
65 -0.058798
65 -0.058560
65 -0.058241
65 -0.057844
65 -0.057369
65 -0.056818
65 -0.056193
65 -0.055495
65 -0.054726
65 -0.053889
64 -0.052985
64 -0.052018
64 -0.050990
64 -0.049904
64 -0.048763
64 -0.047570
64 -0.046329
64 -0.045042
64 -0.043714
64 -0.042348
64 -0.040948
63 -0.039517
63 -0.038059
63 -0.036579
63 -0.035081
63 -0.033567
63 -0.032044
63 -0.030513
63 -0.028981
63 -0.027450
63 -0.025924
63 -0.024409
62 -0.022907
62 -0.021423
62 -0.019961
62 -0.018524
62 -0.017116
62 -0.015741
62 -0.014402
62 -0.013103
62 -0.011848
62 -0.010638
62 -0.009478
61 -0.008370
61 -0.007317
61 -0.006322
61 -0.005387
61 -0.004514
61 -0.003706
61 -0.002964
61 -0.002290
61 -0.001685
61 -0.001152
61 -0.000691
60 -0.000302
60 0.000013
60 0.000253
60 0.000419
60 0.000510
60 0.000526
60 0.000469
60 0.000337
60 0.000132
60 -0.000146
60 -0.000494
60 -0.000912
60 -0.001399
59 -0.001953
59 -0.002571
59 -0.003253
59 -0.003996
59 -0.004797
59 -0.005654
59 -0.006564
59 -0.007526
59 -0.008535
59 -0.009589
59 -0.010684
59 -0.011818
58 -0.012987
58 -0.014188
58 -0.015416
58 -0.016670
58 -0.017944
58 -0.019236
58 -0.020541
58 -0.021856
58 -0.023177
58 -0.024501
58 -0.025823
58 -0.027140
58 -0.028449
57 -0.029744
57 -0.031024
57 -0.032284
57 -0.033521
57 -0.034731
57 -0.035911
57 -0.037057
57 -0.038167
57 -0.039238
57 -0.040266
57 -0.041249
57 -0.042184
57 -0.043069
56 -0.043900
56 -0.044677
56 -0.045396
56 -0.046056
56 -0.046655
56 -0.047191
56 -0.047664
56 -0.048072
56 -0.048413
56 -0.048687
56 -0.048894
56 -0.049032
56 -0.049102
56 -0.049103
55 -0.049036
55 -0.048900
55 -0.048697
55 -0.048427
55 -0.048090
55 -0.047688
55 -0.047222
55 -0.046693
55 -0.046103
55 -0.045453
55 -0.044746
55 -0.043983
55 -0.043166
55 -0.042298
54 -0.041382
54 -0.040419
54 -0.039413
54 -0.038366
54 -0.037281
54 -0.036162
54 -0.035011
54 -0.033831
54 -0.032626
54 -0.031399
54 -0.030153
54 -0.028892
54 -0.027619
54 -0.026338
54 -0.025052
53 -0.023764
53 -0.022479
53 -0.021199
53 -0.019928
53 -0.018670
53 -0.017427
53 -0.016203
53 -0.015002
53 -0.013826
53 -0.012679
53 -0.011563
53 -0.010481
53 -0.009437
53 -0.008433
53 -0.007472
53 -0.006556
52 -0.005687
52 -0.004868
52 -0.004101
52 -0.003387
52 -0.002728
52 -0.002127
52 -0.001583
52 -0.001100
52 -0.000677
52 -0.000316
52 -0.000018
52 0.000218
52 0.000390
52 0.000498
52 0.000542
52 0.000523
51 0.000440
51 0.000294
51 0.000086
51 -0.000183
51 -0.000513
51 -0.000903
51 -0.001350
51 -0.001854
51 -0.002413
51 -0.003025
51 -0.003689
51 -0.004402
51 -0.005161
51 -0.005966
51 -0.006813
51 -0.007700
50 -0.008625
50 -0.009584
50 -0.010574
50 -0.011593
50 -0.012638
50 -0.013706
50 -0.014794
50 -0.015898
50 -0.017015
50 -0.018143
50 -0.019277
50 -0.020416
50 -0.021554
50 -0.022690
50 -0.023820
50 -0.024941
50 -0.026049
50 -0.027142
49 -0.028216
49 -0.029269
49 -0.030297
49 -0.031298
49 -0.032269
49 -0.033206
49 -0.034109
49 -0.034973
49 -0.035797
49 -0.036578
49 -0.037314
49 -0.038004
49 -0.038645
49 -0.039236
49 -0.039774
49 -0.040259
49 -0.040690
49 -0.041064
48 -0.041382
48 -0.041642
48 -0.041843
48 -0.041986
48 -0.042069
48 -0.042093
48 -0.042058
48 -0.041964
48 -0.041810
48 -0.041599
48 -0.041329
48 -0.041003
48 -0.040620
48 -0.040183
48 -0.039692
48 -0.039150
48 -0.038556
48 -0.037914
47 -0.037224
47 -0.036490
47 -0.035712
47 -0.034894
47 -0.034037
47 -0.033143
47 -0.032217
47 -0.031259
47 -0.030273
47 -0.029261
47 -0.028226
47 -0.027172
47 -0.026100
47 -0.025014
47 -0.023918
47 -0.022813
47 -0.021703
47 -0.020591
47 -0.019480
47 -0.018373
46 -0.017274
46 -0.016184
46 -0.015107
46 -0.014046
46 -0.013004
46 -0.011984
46 -0.010988
46 -0.010018
46 -0.009079
46 -0.008171
46 -0.007298
46 -0.006462
46 -0.005664
46 -0.004907
46 -0.004194
46 -0.003525
46 -0.002903
46 -0.002329
46 -0.001804
46 -0.001330
45 -0.000908
45 -0.000539
45 -0.000224
45 0.000036
45 0.000242
45 0.000392
45 0.000486
45 0.000525
45 0.000507
45 0.000435
45 0.000307
45 0.000125
45 -0.000112
45 -0.000401
45 -0.000742
45 -0.001135
45 -0.001577
45 -0.002067
45 -0.002604
45 -0.003186
45 -0.003812
45 -0.004479
44 -0.005185
44 -0.005929
44 -0.006708
44 -0.007519
44 -0.008361
44 -0.009231
44 -0.010126
44 -0.011044
44 -0.011982
44 -0.012937
44 -0.013907
44 -0.014889
44 -0.015880
44 -0.016877
44 -0.017877
44 -0.018877
44 -0.019875
44 -0.020868
44 -0.021852
44 -0.022826
44 -0.023786
44 -0.024730
43 -0.025654
43 -0.026557
43 -0.027435
43 -0.028287
43 -0.029110
43 -0.029902
43 -0.030659
43 -0.031382
43 -0.032066
43 -0.032711
43 -0.033315
43 -0.033875
43 -0.034391
43 -0.034861
43 -0.035284
43 -0.035658
43 -0.035983
43 -0.036258
43 -0.036482
43 -0.036654
43 -0.036774
43 -0.036842
43 -0.036857
42 -0.036820
42 -0.036731
42 -0.036589
42 -0.036396
42 -0.036153
42 -0.035859
42 -0.035515
42 -0.035124
42 -0.034685
42 -0.034200
42 -0.033671
42 -0.033098
42 -0.032485
42 -0.031831
42 -0.031140
42 -0.030414
42 -0.029653
42 -0.028861
42 -0.028039
42 -0.027191
42 -0.026318
42 -0.025422
42 -0.024507
42 -0.023574
42 -0.022628
41 -0.021669
41 -0.020701
41 -0.019726
41 -0.018747
41 -0.017768
41 -0.016789
41 -0.015815
41 -0.014848
41 -0.013891
41 -0.012945
41 -0.012015
41 -0.011102
41 -0.010208
41 -0.009337
41 -0.008490
41 -0.007670
41 -0.006879
41 -0.006119
41 -0.005393
41 -0.004701
41 -0.004047
41 -0.003431
41 -0.002855
41 -0.002322
41 -0.001831
40 -0.001385
40 -0.000984
40 -0.000630
40 -0.000323
40 -0.000064
40 0.000146
40 0.000307
40 0.000419
40 0.000481
40 0.000493
40 0.000456
40 0.000369
40 0.000234
40 0.000050
40 -0.000182
40 -0.000460
40 -0.000785
40 -0.001154
40 -0.001568
40 -0.002024
40 -0.002521
40 -0.003057
40 -0.003632
40 -0.004243
40 -0.004888
40 -0.005566
40 -0.006274
39 -0.007010
39 -0.007773
39 -0.008560
39 -0.009368
39 -0.010195
39 -0.011040
39 -0.011899
39 -0.012769
39 -0.013650
39 -0.014537
39 -0.015428
39 -0.016321
39 -0.017213
39 -0.018102
39 -0.018985
39 -0.019859
39 -0.020723
39 -0.021573
39 -0.022407
39 -0.023223
39 -0.024019
39 -0.024791
39 -0.025539
39 -0.026260
39 -0.026952
39 -0.027612
39 -0.028240
39 -0.028833
38 -0.029390
38 -0.029909
38 -0.030389
38 -0.030828
38 -0.031226
38 -0.031580
38 -0.031891
38 -0.032156
38 -0.032377
38 -0.032551
38 -0.032679
38 -0.032760
38 -0.032795
38 -0.032782
38 -0.032722
38 -0.032615
38 -0.032463
38 -0.032264
38 -0.032019
38 -0.031731
38 -0.031398
38 -0.031023
38 -0.030606
38 -0.030148
38 -0.029651
38 -0.029117
38 -0.028546
38 -0.027941
38 -0.027303
38 -0.026634
37 -0.025936
37 -0.025211
37 -0.024461
37 -0.023687
37 -0.022893
37 -0.022081
37 -0.021252
37 -0.020409
37 -0.019555
37 -0.018691
37 -0.017821
37 -0.016947
37 -0.016070
37 -0.015195
37 -0.014322
37 -0.013455
37 -0.012595
37 -0.011746
37 -0.010910
37 -0.010088
37 -0.009283
37 -0.008498
37 -0.007734
37 -0.006994
37 -0.006279
37 -0.005592
37 -0.004935
37 -0.004308
37 -0.003714
37 -0.003155
37 -0.002632
36 -0.002146
36 -0.001698
36 -0.001290
36 -0.000923
36 -0.000598
36 -0.000315
36 -0.000076
36 0.000120
36 0.000271
36 0.000378
36 0.000441
36 0.000458
36 0.000431
36 0.000359
36 0.000243
36 0.000083
36 -0.000120
36 -0.000366
36 -0.000653
36 -0.000981
36 -0.001349
36 -0.001755
36 -0.002199
36 -0.002679
36 -0.003193
36 -0.003741
36 -0.004319
36 -0.004928
36 -0.005564
36 -0.006226
36 -0.006912
36 -0.007620
36 -0.008348
36 -0.009094
35 -0.009855
35 -0.010629
35 -0.011415
35 -0.012209
35 -0.013010
35 -0.013815
35 -0.014622
35 -0.015428
35 -0.016232
35 -0.017030
35 -0.017821
35 -0.018602
35 -0.019371
35 -0.020127
35 -0.020865
35 -0.021586
35 -0.022286
35 -0.022963
35 -0.023617
35 -0.024243
35 -0.024842
35 -0.025412
35 -0.025950
35 -0.026455
35 -0.026926
35 -0.027361
35 -0.027760
35 -0.028120
35 -0.028442
35 -0.028725
35 -0.028966
35 -0.029167
35 -0.029325
35 -0.029442
35 -0.029516
34 -0.029547
34 -0.029536
34 -0.029482
34 -0.029386
34 -0.029248
34 -0.029068
34 -0.028847
34 -0.028585
34 -0.028284
34 -0.027943
34 -0.027565
34 -0.027150
34 -0.026700
34 -0.026215
34 -0.025698
34 -0.025149
34 -0.024571
34 -0.023964
34 -0.023331
34 -0.022674
34 -0.021993
34 -0.021292
34 -0.020573
34 -0.019836
34 -0.019085
34 -0.018321
34 -0.017547
34 -0.016765
34 -0.015977
34 -0.015186
34 -0.014393
34 -0.013600
34 -0.012811
34 -0.012026
34 -0.011249
34 -0.010482
34 -0.009726
33 -0.008984
33 -0.008258
33 -0.007549
33 -0.006861
33 -0.006194
33 -0.005551
33 -0.004933
33 -0.004342
33 -0.003779
33 -0.003247
33 -0.002746
33 -0.002278
33 -0.001845
33 -0.001446
33 -0.001084
33 -0.000760
33 -0.000473
33 -0.000225
33 -0.000017
33 0.000151
33 0.000279
33 0.000366
33 0.000412
33 0.000418
33 0.000383
33 0.000307
33 0.000191
33 0.000035
33 -0.000160
33 -0.000394
33 -0.000666
33 -0.000975
33 -0.001320
33 -0.001699
33 -0.002113
33 -0.002559
33 -0.003037
33 -0.003544
33 -0.004079
32 -0.004641
32 -0.005228
32 -0.005839
32 -0.006470
32 -0.007122
32 -0.007790
32 -0.008475
32 -0.009173
32 -0.009883
32 -0.010602
32 -0.011329
32 -0.012061
32 -0.012796
32 -0.013532
32 -0.014267
32 -0.014999
32 -0.015726
32 -0.016445
32 -0.017155
32 -0.017853
32 -0.018537
32 -0.019207
32 -0.019858
32 -0.020490
32 -0.021101
32 -0.021690
32 -0.022253
32 -0.022791
32 -0.023301
32 -0.023782
32 -0.024232
32 -0.024650
32 -0.025036
32 -0.025387
32 -0.025704
32 -0.025984
32 -0.026228
32 -0.026435
32 -0.026604
32 -0.026734
32 -0.026825
32 -0.026878
31 -0.026891
31 -0.026866
31 -0.026801
31 -0.026698
31 -0.026556
31 -0.026376
31 -0.026159
31 -0.025905
31 -0.025615
31 -0.025289
31 -0.024929
31 -0.024536
31 -0.024111
31 -0.023656
31 -0.023170
31 -0.022657
31 -0.022116
31 -0.021551
31 -0.020963
31 -0.020352
31 -0.019722
31 -0.019073
31 -0.018408
31 -0.017729
31 -0.017037
31 -0.016334
31 -0.015623
31 -0.014906
31 -0.014184
31 -0.013459
31 -0.012735
31 -0.012012
31 -0.011292
31 -0.010579
31 -0.009873
31 -0.009177
31 -0.008492
31 -0.007821
31 -0.007166
31 -0.006528
31 -0.005909
31 -0.005311
31 -0.004736
31 -0.004185
30 -0.003659
30 -0.003160
30 -0.002690
30 -0.002249
30 -0.001839
30 -0.001461
30 -0.001117
30 -0.000806
30 -0.000530
30 -0.000289
30 -0.000084
30 0.000084
30 0.000214
30 0.000308
30 0.000364
30 0.000383
30 0.000364
30 0.000308
30 0.000214
30 0.000084
30 -0.000083
30 -0.000285
30 -0.000523
30 -0.000795
30 -0.001100
30 -0.001438
30 -0.001808
30 -0.002208
30 -0.002637
30 -0.003095
30 -0.003578
30 -0.004087
30 -0.004619
30 -0.005174
30 -0.005748
30 -0.006341
30 -0.006951
30 -0.007577
30 -0.008215
30 -0.008864
30 -0.009523
30 -0.010190
30 -0.010862
30 -0.011537
30 -0.012215
30 -0.012891
30 -0.013566
30 -0.014236
29 -0.014900
29 -0.015555
29 -0.016201
29 -0.016834
29 -0.017454
29 -0.018058
29 -0.018645
29 -0.019213
29 -0.019760
29 -0.020285
29 -0.020786
29 -0.021262
29 -0.021712
29 -0.022133
29 -0.022526
29 -0.022889
29 -0.023220
29 -0.023519
29 -0.023785
29 -0.024018
29 -0.024216
29 -0.024380
29 -0.024508
29 -0.024600
29 -0.024656
29 -0.024677
29 -0.024661
29 -0.024609
29 -0.024522
29 -0.024398
29 -0.024240
29 -0.024047
29 -0.023819
29 -0.023559
29 -0.023265
29 -0.022940
29 -0.022584
29 -0.022198
29 -0.021783
29 -0.021341
29 -0.020872
29 -0.020379
29 -0.019862
29 -0.019323
29 -0.018764
29 -0.018186
29 -0.017591
29 -0.016981
29 -0.016357
29 -0.015722
28 -0.015076
28 -0.014422
28 -0.013762
28 -0.013097
28 -0.012430
28 -0.011763
28 -0.011096
28 -0.010433
28 -0.009775
28 -0.009125
28 -0.008482
28 -0.007851
28 -0.007232
28 -0.006627
28 -0.006038
28 -0.005466
28 -0.004914
28 -0.004382
28 -0.003873
28 -0.003387
28 -0.002926
28 -0.002491
28 -0.002084
28 -0.001705
28 -0.001356
28 -0.001037
28 -0.000750
28 -0.000495
28 -0.000273
28 -0.000084
28 0.000072
28 0.000192
28 0.000279
28 0.000330
28 0.000347
28 0.000329
28 0.000277
28 0.000189
28 0.000068
28 -0.000087
28 -0.000275
28 -0.000496
28 -0.000748
28 -0.001032
28 -0.001346
28 -0.001689
28 -0.002060
28 -0.002459
28 -0.002883
28 -0.003332
28 -0.003804
28 -0.004298
28 -0.004812
28 -0.005345
28 -0.005895
27 -0.006460
27 -0.007040
27 -0.007631
27 -0.008234
27 -0.008844
27 -0.009462
27 -0.010085
27 -0.010710
27 -0.011338
27 -0.011964
27 -0.012589
27 -0.013209
27 -0.013823
27 -0.014429
27 -0.015026
27 -0.015612
27 -0.016185
27 -0.016743
27 -0.017285
27 -0.017809
27 -0.018314
27 -0.018798
27 -0.019259
27 -0.019697
27 -0.020111
27 -0.020498
27 -0.020859
27 -0.021191
27 -0.021494
27 -0.021767
27 -0.022010
27 -0.022221
27 -0.022400
27 -0.022547
27 -0.022660
27 -0.022741
27 -0.022788
27 -0.022802
27 -0.022782
27 -0.022728
27 -0.022641
27 -0.022522
27 -0.022369
27 -0.022184
27 -0.021968
27 -0.021721
27 -0.021443
27 -0.021136
27 -0.020801
27 -0.020437
27 -0.020048
27 -0.019633
27 -0.019194
27 -0.018732
27 -0.018248
27 -0.017745
27 -0.017223
27 -0.016683
26 -0.016128
26 -0.015560
26 -0.014979
26 -0.014387
26 -0.013786
26 -0.013178
26 -0.012565
26 -0.011949
26 -0.011330
26 -0.010711
26 -0.010094
26 -0.009480
26 -0.008872
26 -0.008270
26 -0.007678
26 -0.007095
26 -0.006525
26 -0.005968
26 -0.005426
26 -0.004902
26 -0.004395
26 -0.003908
26 -0.003442
26 -0.002999
26 -0.002579
26 -0.002184
26 -0.001815
26 -0.001472
26 -0.001158
26 -0.000872
26 -0.000616
26 -0.000389
26 -0.000194
26 -0.000030
26 0.000102
26 0.000203
26 0.000271
26 0.000307
26 0.000310
26 0.000281
26 0.000220
26 0.000126
26 0.000001
26 -0.000155
26 -0.000342
26 -0.000559
26 -0.000806
26 -0.001081
26 -0.001384
26 -0.001715
26 -0.002071
26 -0.002451
26 -0.002856
26 -0.003283
26 -0.003731
26 -0.004199
26 -0.004685
26 -0.005188
26 -0.005707
26 -0.006239
26 -0.006784
26 -0.007339
26 -0.007904
25 -0.008476
25 -0.009053
25 -0.009635
25 -0.010218
25 -0.010803
25 -0.011386
25 -0.011966
25 -0.012541
25 -0.013110
25 -0.013671
25 -0.014223
25 -0.014763
25 -0.015290
25 -0.015803
25 -0.016300
25 -0.016780
25 -0.017241
25 -0.017683
25 -0.018102
25 -0.018499
25 -0.018873
25 -0.019222
25 -0.019544
25 -0.019841
25 -0.020109
25 -0.020349
25 -0.020561
25 -0.020742
25 -0.020894
25 -0.021014
25 -0.021104
25 -0.021163
25 -0.021191
25 -0.021187
25 -0.021152
25 -0.021085
25 -0.020988
25 -0.020859
25 -0.020701
25 -0.020513
25 -0.020295
25 -0.020049
25 -0.019775
25 -0.019474
25 -0.019146
25 -0.018794
25 -0.018417
25 -0.018017
25 -0.017595
25 -0.017153
25 -0.016691
25 -0.016211
25 -0.015715
25 -0.015203
25 -0.014678
25 -0.014141
25 -0.013593
25 -0.013036
25 -0.012472
25 -0.011902
25 -0.011328
25 -0.010752
25 -0.010175
25 -0.009599
25 -0.009025
25 -0.008456
25 -0.007892
25 -0.007337
24 -0.006790
24 -0.006254
24 -0.005730
24 -0.005220
24 -0.004725
24 -0.004247
24 -0.003787
24 -0.003346
24 -0.002926
24 -0.002527
24 -0.002151
24 -0.001799
24 -0.001472
24 -0.001171
24 -0.000896
24 -0.000649
24 -0.000429
24 -0.000239
24 -0.000077
24 0.000055
24 0.000156
24 0.000228
24 0.000270
24 0.000281
24 0.000261
24 0.000212
24 0.000132
24 0.000022
24 -0.000117
24 -0.000284
24 -0.000481
24 -0.000705
24 -0.000956
24 -0.001234
24 -0.001537
24 -0.001864
24 -0.002215
24 -0.002589
24 -0.002984
24 -0.003399
24 -0.003833
24 -0.004284
24 -0.004752
24 -0.005234
24 -0.005730
24 -0.006237
24 -0.006755
24 -0.007282
24 -0.007816
24 -0.008356
24 -0.008899
24 -0.009445
24 -0.009992
24 -0.010538
24 -0.011082
24 -0.011621
24 -0.012155
24 -0.012682
24 -0.013200
24 -0.013708
24 -0.014204
24 -0.014686
24 -0.015155
24 -0.015606
24 -0.016041
24 -0.016457
24 -0.016853
24 -0.017228
24 -0.017581
24 -0.017911
24 -0.018217
24 -0.018498
24 -0.018753
23 -0.018982
23 -0.019183
23 -0.019357
23 -0.019502
23 -0.019619
23 -0.019706
23 -0.019765
23 -0.019794
23 -0.019794
23 -0.019764
23 -0.019704
23 -0.019616
23 -0.019499
23 -0.019353
23 -0.019179
23 -0.018978
23 -0.018749
23 -0.018495
23 -0.018215
23 -0.017910
23 -0.017581
23 -0.017230
23 -0.016857
23 -0.016463
23 -0.016050
23 -0.015618
23 -0.015169
23 -0.014705
23 -0.014227
23 -0.013735
23 -0.013232
23 -0.012719
23 -0.012198
23 -0.011670
23 -0.011136
23 -0.010598
23 -0.010058
23 -0.009518
23 -0.008978
23 -0.008440
23 -0.007907
23 -0.007379
23 -0.006859
23 -0.006346
23 -0.005844
23 -0.005354
23 -0.004876
23 -0.004413
23 -0.003965
23 -0.003534
23 -0.003121
23 -0.002728
23 -0.002355
23 -0.002004
23 -0.001675
23 -0.001370
23 -0.001089
23 -0.000833
23 -0.000603
23 -0.000399
23 -0.000222
23 -0.000073
23 0.000049
23 0.000142
23 0.000207
23 0.000243
23 0.000251
23 0.000230
23 0.000180
23 0.000102
23 -0.000003
23 -0.000137
23 -0.000297
23 -0.000485
23 -0.000698
23 -0.000937
23 -0.001201
23 -0.001489
23 -0.001799
23 -0.002132
22 -0.002485
22 -0.002859
22 -0.003251
22 -0.003661
22 -0.004088
22 -0.004529
22 -0.004985
22 -0.005452
22 -0.005931
22 -0.006419
22 -0.006915
22 -0.007418
22 -0.007926
22 -0.008438
22 -0.008951
22 -0.009466
22 -0.009979
22 -0.010489
22 -0.010996
22 -0.011497
22 -0.011991
22 -0.012476
22 -0.012952
22 -0.013416
22 -0.013867
22 -0.014304
22 -0.014726
22 -0.015132
22 -0.015519
22 -0.015888
22 -0.016236
22 -0.016564
22 -0.016869
22 -0.017152
22 -0.017411
22 -0.017645
22 -0.017855
22 -0.018038
22 -0.018195
22 -0.018326
22 -0.018429
22 -0.018505
22 -0.018554
22 -0.018574
22 -0.018567
22 -0.018532
22 -0.018469
22 -0.018379
22 -0.018262
22 -0.018118
22 -0.017947
22 -0.017751
22 -0.017529
22 -0.017283
22 -0.017013
22 -0.016720
22 -0.016405
22 -0.016068
22 -0.015712
22 -0.015336
22 -0.014942
22 -0.014531
22 -0.014104
22 -0.013664
22 -0.013209
22 -0.012744
22 -0.012267
22 -0.011782
22 -0.011289
22 -0.010790
22 -0.010287
22 -0.009780
22 -0.009272
22 -0.008763
22 -0.008256
22 -0.007752
22 -0.007251
22 -0.006757
22 -0.006270
22 -0.005791
22 -0.005322
22 -0.004865
22 -0.004421
22 -0.003990
22 -0.003574
22 -0.003175
22 -0.002794
21 -0.002431
21 -0.002088
21 -0.001766
21 -0.001465
21 -0.001187
21 -0.000932
21 -0.000701
21 -0.000494
21 -0.000313
21 -0.000158
21 -0.000028
21 0.000075
21 0.000151
21 0.000200
21 0.000222
21 0.000218
21 0.000186
21 0.000127
21 0.000042
21 -0.000070
21 -0.000207
21 -0.000371
21 -0.000559
21 -0.000771
21 -0.001008
21 -0.001267
21 -0.001549
21 -0.001852
21 -0.002175
21 -0.002518
21 -0.002879
21 -0.003257
21 -0.003652
21 -0.004061
21 -0.004485
21 -0.004920
21 -0.005367
21 -0.005823
21 -0.006288
21 -0.006759
21 -0.007236
21 -0.007718
21 -0.008202
21 -0.008687
21 -0.009172
21 -0.009655
21 -0.010135
21 -0.010610
21 -0.011080
21 -0.011542
21 -0.011995
21 -0.012438
21 -0.012870
21 -0.013289
21 -0.013694
21 -0.014084
21 -0.014457
21 -0.014813
21 -0.015151
21 -0.015469
21 -0.015767
21 -0.016043
21 -0.016297
21 -0.016529
21 -0.016736
21 -0.016920
21 -0.017079
21 -0.017213
21 -0.017321
21 -0.017404
21 -0.017460
21 -0.017490
21 -0.017494
21 -0.017471
21 -0.017423
21 -0.017348
21 -0.017247
21 -0.017121
21 -0.016970
21 -0.016793
21 -0.016593
21 -0.016370
21 -0.016123
21 -0.015854
21 -0.015564
21 -0.015254
21 -0.014924
21 -0.014575
21 -0.014209
21 -0.013827
21 -0.013429
21 -0.013017
21 -0.012592
21 -0.012156
21 -0.011710
21 -0.011254
20 -0.010791
20 -0.010322
20 -0.009847
20 -0.009370
20 -0.008890
20 -0.008410
20 -0.007930
20 -0.007453
20 -0.006979
20 -0.006510
20 -0.006048
20 -0.005594
20 -0.005148
20 -0.004713
20 -0.004290
20 -0.003879
20 -0.003483
20 -0.003101
20 -0.002737
20 -0.002389
20 -0.002060
20 -0.001751
20 -0.001461
20 -0.001193
20 -0.000947
20 -0.000723
20 -0.000522
20 -0.000345
20 -0.000193
20 -0.000065
20 0.000038
20 0.000116
20 0.000168
20 0.000194
20 0.000195
20 0.000170
20 0.000120
20 0.000044
20 -0.000056
20 -0.000182
20 -0.000331
20 -0.000505
20 -0.000702
20 -0.000921
20 -0.001163
20 -0.001425
20 -0.001709
20 -0.002011
20 -0.002333
20 -0.002672
20 -0.003027
20 -0.003398
20 -0.003783
20 -0.004182
20 -0.004592
20 -0.005014
20 -0.005444
20 -0.005883
20 -0.006329
20 -0.006780
20 -0.007235
20 -0.007693
20 -0.008152
20 -0.008612
20 -0.009070
20 -0.009525
20 -0.009976
20 -0.010421
20 -0.010859
20 -0.011290
20 -0.011711
20 -0.012121
20 -0.012519
20 -0.012904
20 -0.013275
20 -0.013630
20 -0.013969
20 -0.014291
20 -0.014594
20 -0.014877
20 -0.015141
20 -0.015383
20 -0.015604
20 -0.015803
20 -0.015979
20 -0.016131
20 -0.016260
20 -0.016364
20 -0.016444
20 -0.016499
20 -0.016529
20 -0.016534
20 -0.016514
20 -0.016469
20 -0.016399
20 -0.016305
20 -0.016187
20 -0.016044
20 -0.015878
20 -0.015690
20 -0.015478
20 -0.015245
20 -0.014991
20 -0.014717
