0 0 0
1 0 0
2 0 0
3 0 0
4 0 0
5 0 0
6 0 0
7 0 0
8 0 0
9 0 0
10 0 0
11 0 0
12 0 0
13 0 0
14 0 0
15 0 0
16 0 0
17 0 0
18 0 0
19 0 0
20 0 0
21 0 0
22 0 0
23 0 0
24 0 0
25 0 0
26 0 0
27 0 0
28 0 0
29 0 0
30 0 0
31 0 0
32 0 0
33 0 0
34 0 0
35 0 0
36 0 0
37 0 0
38 0 0
39 0 0
40 0 0
41 0 0
42 0 0
43 0 0
44 0 0
45 0 0
46 0 0
47 0 0
48 0 0
49 0 0
50 0 0
51 0 0
52 0 0
53 0 0
54 0 0
55 0 0
56 0 0
57 0 0
58 0 0
59 0 0
60 0 0
61 0 0
62 0 0
63 0 0
64 0 0
65 0 0
66 0 0
67 0 0
68 0 0
69 0 0
70 0 0
71 0 0
72 0 0
73 0 0
74 0 0
75 0 0
76 0 0
77 0 0
78 0 0
79 0 0
80 0 0
81 0 0
82 0 0
83 0 0
84 0 0
85 0 0
86 0 0
87 0 0
88 0 0
89 0 0
90 0 0
91 0 0
92 0 0
93 0 0
94 0 0
95 0 0
96 0 0
97 0 0
98 0 0
99 0 0
100 0 0
101 0 0
102 0 0
103 0 0
104 0 0
105 0 0
106 0 0
107 0 0
108 0 0
109 0 0
110 0 0
111 0 0
112 0 0
113 0 0
114 0 0
115 0 0
116 0 0
117 0 0
118 0 0
119 0 0
120 0 0
121 0 0
122 0 0
123 0 0
124 0 0
125 0 0
126 0 0
127 0 0
128 0 0
129 0 0
130 0 0
131 0 0
132 0 0
133 0 0
134 0 0
135 0 0
136 0 0
137 0 0
138 0 0
139 0 0
140 0 0
141 0 0
142 0 0
143 0 0
144 0 0
145 0 0
146 0 0
147 0 0
148 0 0
149 0 0
150 0 0
151 0 0
152 0 0
153 0 0
154 0 0
155 0 0
156 0 0
157 0 0
158 0 0
159 0 0
160 0 0
161 0 0
162 0 0
163 0 0
164 0 0
165 0 0
166 0 0
167 0 0
168 0 0
169 0 0
170 0 0
171 0 0
172 0 0
173 0 0
174 0 0
175 0 0
176 0 0
177 0 0
178 0 0
179 0 0
180 0 0
181 0 0
182 0 0
183 0 0
184 0 0
185 0 0
186 0 0
187 0 0
188 0 0
189 0 0
190 0 0
191 0 0
192 0 0
193 0 0
194 0 0
195 0 0
196 0 0
197 0 0
198 0 0
199 0 0
200 0 0
201 0 0
202 0 0
203 0 0
204 0 0
205 0 0
206 0 0
207 0 0
208 0 0
209 0 0
210 0 0
211 0 0
212 0 0
213 0 0
214 0 0
215 0 0
216 0 0
217 0 0
218 0 0
219 0 0
220 0 0
221 0 0
222 0 0
223 0 0
224 0 0
225 0 0
226 0 0
227 0 0
228 0 0
229 0 0
230 0 0
231 0 0
232 0 0
233 0 0
234 0 0
235 0 0
236 0 0
237 0 0
238 0 0
239 0 0
240 0 0
241 0 0
242 0 0
243 0 0
244 0 0
245 0 0
246 0 0
247 0 0
248 0 0
249 0 0
250 0 0
251 0 0
252 0 0
253 0 0
254 0 0
255 0 0
256 0 0
257 0 0
258 0 0
259 0 0
260 0 0
261 0 0
262 0 0
263 0 0
264 0 0
265 0 0
266 0 0
267 0 0
268 0 0
269 0 0
270 0 0
271 0 0
272 0 0
273 0 0
274 0 0
275 0 0
276 0 0
277 0 0
278 0 0
279 0 0
280 0 0
281 0 0
282 0 0
283 0 0
284 0 0
285 0 0
286 0 0
287 0 0
288 0 0
289 0 0
290 0 0
291 0 0
292 0 0
293 0 0
294 0 0
295 0 0
296 0 0
297 0 0
298 0 0
299 0 0
300 0 0
301 0 0
302 0 0
303 0 0
304 0 0
305 0 0
306 0 0
307 0 0
308 0 0
309 0 0
310 0 0
311 0 0
312 0 0
313 0 0
314 0 0
315 0 0
316 0 0
317 0 0
318 0 0
319 0 0
320 0 0
321 0 0
322 0 0
323 0 0
324 0 0
325 0 0
326 0 0
327 0 0
328 0 0
329 0 0
330 0 0
331 0 0
332 0 0
333 0 0
334 0 0
335 0 0
336 0 0
337 0 0
338 0 0
339 0 0
340 0 0
341 0 0
342 0 0
343 0 0
344 0 0
345 0 0
346 0 0
347 0 0
348 0 0
349 0 0
350 0 0
351 0 0
352 0 0
353 0 0
354 0 0
355 0 0
356 0 0
357 0 0
358 0 0
359 0 0
360 0 0
361 0 0
362 0 0
363 0 0
364 0 0
365 0 0
366 0 0
367 0 0
368 0 0
369 0 0
370 0 0
371 0 0
372 0 0
373 0 0
374 0 0
375 0 0
376 0 0
377 0 0
378 0 0
379 0 0
380 0 0
381 0 0
382 0 0
383 0 0
384 0 0
385 0 0
386 0 0
387 0 0
388 0 0
389 0 0
390 0 0
391 0 0
392 0 0
393 0 0
394 0 0
395 0 0
396 0 0
397 0 0
398 0 0
399 0 0
400 0 0
401 0 0
402 0 0
403 0 0
404 0 0
405 0 0
406 0 0
407 0 0
408 0 0
409 0 0
410 0 0
411 0 0
412 0 0
413 0 0
414 0 0
415 0 0
416 0 0
417 0 0
418 0 0
419 0 0
420 0 0
421 0 0
422 0 0
423 0 0
424 0 0
425 0 0
426 0 0
427 0 0
428 0 0
429 0 0
430 0 0
431 0 0
432 0 0
433 0 0
434 0 0
435 0 0
436 0 0
437 0 0
438 0 0
439 0 0
440 0 0
441 0 0
442 0 0
443 0 0
444 0 0
445 0 0
446 0 0
447 0 0
448 0 0
449 0 0
450 0 0
451 0 0
452 0 0
453 0 0
454 0 0
455 0 0
456 0 0
457 0 0
458 0 0
459 0 0
460 0 0
461 0 0
462 0 0
463 0 0
464 0 0
465 0 0
466 0 0
467 0 0
468 0 0
469 0 0
470 0 0
471 0 0
472 0 0
473 0 0
474 0 0
475 0 0
476 0 0
477 0 0
478 0 0
479 0 0
480 0 0
481 0 0
482 0 0
483 0 0
484 0 0
485 0 0
486 0 0
487 0 0
488 0 0
489 0 0
490 0 0
491 0 0
492 0 0
493 0 0
494 0 0
495 0 0
496 0 0
497 0 0
498 0 0
499 0 0
500 0 0
501 0 0
502 0 0
503 0 0
504 0 0
505 0 0
506 0 0
507 0 0
508 0 0
509 0 0
510 0 0
511 0 0
512 0 0
513 0 0
514 0 0
515 0 0
516 0 0
517 0 0
518 0 0
519 0 -1
520 0 0
521 0 0
522 0 0
523 0 0
524 0 0
525 0 0
526 0 0
527 0 0
528 0 0
529 0 0
530 0 0
531 0 0
532 0 0
533 0 0
534 0 256
535 0 0
536 0 0
537 0 0
538 0 0
539 0 0
540 0 0
541 0 0
542 0 0
543 0 0
544 0 0
545 0 0
546 0 0
547 0 0
548 0 0
549 0 0
550 0 0
551 0 0
552 0 0
553 0 0
554 0 0
555 0 0
556 0 0
557 0 0
558 0 0
559 0 0
560 0 0
561 0 0
562 0 0
563 0 0
564 0 0
565 0 0
566 0 0
567 0 0
568 0 0
569 0 0
570 0 0
571 0 0
572 0 0
573 0 0
574 0 0
575 0 0
576 0 0
577 0 0
578 0 0
579 0 0
580 0 0
581 0 0
582 0 0
583 0 0
584 0 0
585 0 0
586 0 0
587 0 0
588 0 0
589 0 0
590 0 0
591 0 0
592 0 0
593 0 0
594 0 0
595 0 0
596 0 0
597 0 0
598 0 0
599 0 0
600 0 0
601 0 0
602 0 0
603 0 0
604 0 0
605 0 0
606 0 0
607 0 0
608 0 0
609 0 0
610 0 0
611 0 0
612 0 0
613 0 0
614 0 0
615 0 0
616 0 0
617 0 0
618 0 0
619 0 0
620 0 0
621 0 0
622 0 0
623 0 0
624 0 0
625 0 0
626 0 0
627 0 0
628 0 0
629 0 0
630 0 0
631 0 0
632 0 0
633 0 0
634 0 0
635 0 0
636 0 0
637 0 0
638 0 0
639 0 0
640 0 0
641 0 0
642 0 0
643 0 0
644 0 0
645 0 0
646 0 0
647 0 0
648 0 0
649 0 0
650 0 0
651 0 0
652 0 0
653 0 0
654 0 0
655 -1 0
656 256 256
657 0 0
658 0 0
659 0 0
660 0 0
661 0 0
662 0 0
663 0 0
664 0 0
665 0 0
666 0 0
667 0 0
668 0 0
669 0 0
670 0 0
671 0 0
672 0 0
673 0 0
674 0 0
675 0 -1
676 0 0
677 0 0
678 0 0
679 0 0
680 0 0
681 0 0
682 0 0
683 0 0
684 0 0
685 0 0
686 0 0
687 0 0
688 0 0
689 0 0
690 0 0
691 0 0
692 0 0
693 -1 0
694 0 0
695 0 0
696 0 0
697 0 0
698 0 0
699 0 0
700 0 0
701 0 0
702 0 256
703 0 0
704 0 0
705 0 0
706 0 0
707 0 0
708 0 0
709 0 0
710 0 0
711 0 0
712 0 0
713 0 0
714 0 0
715 0 0
716 0 0
717 0 0
718 0 0
719 0 0
720 0 0
721 0 0
722 0 0
723 0 0
724 0 0
725 0 0
726 0 0
727 0 0
728 0 0
729 0 0
730 0 0
731 0 0
732 0 0
733 0 0
734 0 0
735 0 0
736 0 0
737 0 0
738 0 0
739 0 0
740 0 0
741 0 0
742 0 0
743 0 0
744 0 0
745 0 0
746 -1 0
747 0 0
748 0 0
749 0 0
750 0 0
751 0 0
752 0 0
753 0 0
754 0 0
755 0 0
756 0 0
757 0 0
758 0 0
759 0 0
760 0 0
761 256 0
762 0 0
763 0 0
764 0 0
765 0 0
766 0 0
767 0 0
768 0 0
769 0 0
770 256 0
771 0 0
772 0 0
773 0 0
774 0 0
775 0 0
776 0 0
777 0 0
778 0 0
779 0 0
780 0 0
781 0 0
782 0 0
783 0 0
784 0 0
785 0 0
786 0 0
787 0 0
788 0 0
789 0 0
790 0 0
791 0 0
792 0 0
793 0 0
794 0 0
795 0 0
796 0 0
797 0 0
798 0 0
799 0 0
800 -1 0
801 256 256
802 0 0
803 -1 -1
804 -1 -1
805 256 0
806 0 0
807 -1 -1
808 0 0
809 0 0
810 0 0
811 0 0
812 0 0
813 0 0
814 -1 -1
815 0 0
816 0 0
817 0 0
818 0 0
819 0 0
820 0 0
821 0 0
822 0 0
823 0 0
824 0 0
825 0 0
826 256 0
827 0 0
828 0 0
829 0 0
830 0 0
831 0 0
832 0 0
833 0 0
834 0 0
835 0 0
836 0 0
837 0 256
838 -1 -1
839 0 256
840 0 0
841 0 0
842 0 0
843 0 0
844 0 0
845 0 0
846 0 0
847 0 0
848 0 0
849 0 0
850 0 0
851 0 0
852 0 0
853 0 0
854 0 0
855 0 0
856 0 0
857 0 0
858 0 0
859 0 0
860 0 0
861 0 256
862 0 -1
863 -1 0
864 0 0
865 0 -1
866 0 0
867 0 0
868 0 0
869 256 0
870 0 -1
871 0 0
872 0 0
873 0 -1
874 0 0
875 0 0
876 0 0
877 0 0
878 0 0
879 0 0
880 0 0
881 0 0
882 0 0
883 0 0
884 0 0
885 0 0
886 0 0
887 0 256
888 0 0
889 0 0
890 0 0
891 0 -1
892 0 256
893 0 -1
894 0 0
895 0 0
896 -1 0
897 0 0
898 0 0
899 0 0
900 0 0
901 -1 0
902 0 0
903 -1 0
904 256 0
905 -1 256
906 0 0
907 256 0
908 -1 0
909 256 0
910 -1 0
911 0 0
912 0 0
913 0 0
914 0 0
915 0 0
916 0 0
917 0 0
918 0 0
919 -1 0
920 0 0
921 -1 0
922 0 0
923 0 0
924 0 0
925 0 0
926 0 -1
927 0 0
928 0 -1
929 0 0
930 256 0
931 0 0
932 0 0
933 256 0
934 -1 0
935 256 -1
936 0 0
937 0 0
938 0 0
939 -1 0
940 256 0
941 0 256
942 256 256
943 0 0
944 0 256
945 256 0
946 0 0
947 0 0
948 0 -1
949 0 256
950 0 0
951 0 0
952 0 0
953 256 0
954 0 0
955 0 -1
956 0 0
957 -1 -1
958 0 0
959 0 0
960 0 0
961 0 0
962 -1 0
963 0 0
964 0 0
965 256 256
966 0 0
967 0 0
968 0 0
969 0 0
970 0 0
971 -1 0
972 256 0
973 -1 0
974 0 0
975 0 0
976 0 0
977 0 0
978 -1 -1
979 0 0
980 -1 0
981 0 0
982 -1 256
983 256 0
984 0 256
985 0 0
986 0 0
987 -1 0
988 0 -1
989 -1 256
990 0 -1
991 0 0
992 0 256
993 0 0
994 0 0
995 0 -1
996 0 -1
997 0 0
998 0 0
999 256 0
1000 -1 -1
1001 -1 -1
1002 512 256
1003 512 512
1004 -1 -1
1005 -1 -257
1006 0 0
1007 512 512
1008 256 0
1009 -1 0
1010 256 0
1011 -1 -1
1012 0 0
1013 0 0
1014 0 0
1015 0 0
1016 0 0
1017 256 256
1018 -1 0
1019 0 0
1020 0 0
1021 -1 0
1022 256 0
1023 -1 0
1024 0 256
1025 0 0
1026 -1 0
1027 0 256
1028 -1 -1
1029 0 0
1030 0 256
1031 0 0
1032 0 256
1033 256 0
1034 0 256
1035 256 0
1036 -1 0
1037 0 0
1038 0 -1
1039 -1 0
1040 512 -1
1041 -1 0
1042 256 0
1043 0 -1
1044 -1 256
1045 256 -1
1046 -1 256
1047 256 0
1048 0 0
1049 0 512
1050 256 0
1051 0 256
1052 -1 0
1053 256 0
1054 -1 256
1055 0 -1
1056 0 256
1057 0 0
1058 0 0
1059 -1 -1
1060 0 0
1061 -1 -1
1062 256 -1
1063 -1 0
1064 256 -1
1065 0 0
1066 256 0
1067 0 0
1068 0 0
1069 256 0
1070 -1 0
1071 256 0
1072 -1 0
1073 256 -1
1074 0 0
1075 0 -1
1076 0 0
1077 0 -1
1078 0 256
1079 -1 0
1080 0 -1
1081 -257 512
1082 256 -257
1083 -1 256
1084 0 0
1085 0 -1
1086 0 512
1087 0 -1
1088 0 256
1089 256 0
1090 0 0
1091 256 256
1092 -1 0
1093 256 0
1094 -1 256
1095 0 -1
1096 -1 256
1097 0 0
1098 -1 -1
1099 -1 256
1100 256 -1
1101 -1 0
1102 256 0
1103 -1 0
1104 256 0
1105 0 0
1106 256 0
1107 0 0
1108 0 0
1109 256 0
1110 -1 256
1111 256 -1
1112 -1 256
1113 0 -1
1114 -1 -1
1115 0 256
1116 -1 -1
1117 0 0
1118 0 256
1119 0 -1
1120 0 512
1121 0 0
1122 256 -1
1123 -257 512
1124 512 -257
1125 -1 512
1126 0 -1
1127 256 -1
1128 -257 256
1129 256 -257
1130 -1 512
1131 -1 -1
1132 -1 0
1133 0 0
1134 0 256
1135 0 256
1136 -1 -1
1137 0 512
1138 -1 -1
1139 -1 256
1140 256 0
1141 -1 0
1142 256 0
1143 0 0
1144 256 0
1145 0 -1
1146 0 256
1147 256 -1
1148 0 0
1149 256 0
1150 0 0
1151 256 -1
1152 -1 0
1153 256 -1
1154 0 -1
1155 -1 0
1156 256 -257
1157 -257 256
1158 0 0
1159 256 0
1160 -1 512
1161 512 0
1162 0 256
1163 0 256
1164 512 0
1165 -257 256
1166 256 -1
1167 0 256
1168 -1 0
1169 256 -1
1170 -1 256
1171 256 -1
1172 -1 0
1173 0 0
1174 0 0
1175 0 -1
1176 0 0
1177 0 0
1178 256 0
1179 0 256
1180 256 0
1181 0 256
1182 256 0
1183 -1 0
1184 256 0
1185 -1 0
1186 -1 0
1187 256 0
1188 -513 0
1189 256 0
1190 -1 0
1191 -1 0
1192 0 0
1193 -1 256
1194 0 256
1195 0 0
1196 0 256
1197 -1 256
1198 -1 -1
1199 0 0
1200 -257 -1
1201 0 -1
1202 0 512
1203 -1 0
1204 1792 1280
1205 0 1024
1206 256 -257
1207 -1 256
1208 -769 -769
1209 -513 -1025
1210 -1537 -769
1211 -257 -1025
1212 -769 -257
1213 1024 768
1214 1280 1024
1215 2304 2560
1216 3072 2560
1217 2304 2304
1218 2560 2304
1219 1280 1024
1220 1024 1024
1221 -1 -1
1222 -1 -257
1223 -769 -769
1224 -513 -513
1225 -1025 -1025
1226 -769 -513
1227 -769 -513
1228 -1025 -769
1229 -1 -1
1230 -1281 -769
1231 256 256
1232 -769 -769
1233 -257 768
1234 256 -769
1235 -513 256
1236 512 256
1237 -257 -769
1238 0 1280
1239 -1 -1281
1240 -257 768
1241 -1 -1025
1242 -769 -1
1243 -257 -769
1244 -1281 -1025
1245 -513 -257
1246 -513 -1281
1247 -1281 -1
1248 0 -769
1249 -1025 0
1250 -257 -1025
1251 -257 768
1252 -513 -1281
1253 -257 512
1254 -257 -257
1255 -257 -513
1256 -257 768
1257 512 -1281
1258 -513 1280
1259 1024 -1025
1260 -257 1024
1261 768 -257
1262 256 512
1263 0 512
1264 1536 0
1265 -513 1280
1266 2560 256
1267 -257 1792
1268 2048 512
1269 1024 2304
1270 768 1024
1271 2816 2048
1272 -257 1792
1273 3328 1792
1274 256 2048
1275 2304 2048
1276 2048 2304
1277 1024 1792
1278 3072 2816
1279 1024 1280
1280 2560 3072
1281 2048 1280
1282 2048 2304
1283 2304 2048
1284 2560 1536
1285 1792 2304
1286 2560 1536
1287 1792 1792
1288 2304 2048
1289 2304 1536
1290 1280 1536
1291 2816 2560
1292 1024 256
1293 2560 3328
1294 1792 256
1295 1024 1792
1296 2560 2048
1297 0 -1
1298 2048 2816
1299 768 -257
1300 256 1536
1301 2304 1024
1302 -769 256
1303 2048 1536
1304 0 512
1305 256 768
1306 1536 1024
1307 -769 512
1308 1792 512
1309 -1025 768
1310 1280 256
1311 -769 256
1312 0 512
1313 256 -257
1314 -1793 256
1315 1280 -1
1316 -2561 -769
1317 512 768
1318 -1025 -1793
1319 -1025 512
1320 -1 -1025
1321 -1793 -1281
1322 -1 0
1323 -1793 -2561
1324 -513 512
1325 -1025 -2305
1326 -1025 -513
1327 -769 -769
1328 -1025 -1793
1329 -1281 -1
1330 -1025 -2049
1331 -1281 -513
1332 -1281 -1281
1333 -1025 -1537
1334 -1537 -769
1335 -769 -1281
1336 -1793 -1537
1337 -769 -513
1338 -1793 -2049
1339 -1281 -1281
1340 -769 -1281
1341 -2561 -2561
1342 -513 -769
1343 -2305 -2305
1344 -1537 -1537
1345 -769 -1537
1346 -2817 -2049
1347 -257 -1281
1348 -2305 -1793
1349 -1537 -1537
1350 -1025 -1537
1351 -2561 -1281
1352 -513 -1793
1353 -2305 -1025
1354 -1025 -1281
1355 -2049 -2049
1356 -1281 -513
1357 -2049 -2561
1358 -1793 -1025
1359 -769 -1537
1360 -2817 -2049
1361 0 -769
1362 -2561 -2049
1363 -1 -769
1364 -769 -1281
1365 -1281 -1281
1366 512 -1025
1367 -1537 -1025
1368 256 -1025
1369 -513 -257
1370 -257 -1281
1371 -257 -1
1372 -513 -769
1373 -513 -1025
1374 -1025 0
1375 -1025 -2049
1376 -1025 512
1377 -1281 -1537
1378 -769 0
1379 -1025 -257
1380 -1025 -257
1381 -257 768
1382 -1281 -1025
1383 -257 1024
1384 -1025 -769
1385 -513 256
1386 -257 256
1387 -257 0
1388 -1 256
1389 256 1024
1390 0 -1
1391 -1 1024
1392 768 256
1393 -769 -513
1394 512 1024
1395 -1 -1281
1396 0 1536
1397 768 -769
1398 256 1280
1399 512 256
1400 1024 0
1401 256 1536
1402 256 -769
1403 1024 1280
1404 -769 -1
1405 1792 512
1406 -513 512
1407 1280 768
1408 768 256
1409 -1 1280
1410 1536 -1
1411 -1281 768
1412 1792 0
1413 -1025 0
1414 768 1024
1415 768 -513
1416 -513 2304
1417 2304 -257
1418 -257 2560
1419 1792 512
1420 1024 1280
1421 512 1792
1422 1536 256
1423 256 2048
1424 1536 256
1425 0 1536
1426 768 256
1427 512 1536
1428 -257 256
1429 1280 1024
1430 -769 512
1431 512 256
1432 0 1024
1433 -257 0
1434 256 512
1435 -257 0
1436 256 0
1437 -769 0
1438 768 -1
1439 -769 -1
1440 256 256
1441 256 -1025
1442 -257 1280
1443 1536 -1281
1444 -1 768
1445 1280 256
1446 768 -1025
1447 512 2048
1448 1024 -1537
1449 512 1792
1450 512 -1
1451 1280 256
1452 -1 1280
1453 1280 -1
1454 256 1280
1455 0 0
1456 1280 768
1457 -1025 256
1458 1536 512
1459 -769 0
1460 768 512
1461 256 -1
1462 -513 256
1463 1280 -1
1464 -1025 -1
1465 1024 -1
1466 -1 -513
1467 -1 -257
1468 768 -257
1469 -1 -513
1470 0 -513
1471 768 -1
1472 -257 -1537
1473 1024 768
1474 512 -2049
1475 0 0
1476 1536 -1
1477 -1 -2049
1478 1280 1024
1479 0 -2305
1480 768 0
1481 512 -769
1482 256 -1025
1483 768 0
1484 0 -1025
1485 1024 256
1486 256 -513
1487 768 -1
1488 256 256
1489 512 -513
1490 -1 256
1491 512 0
1492 -1 -1
1493 -1 1024
1494 1024 -513
1495 -769 1024
1496 1280 -1
1497 0 256
1498 -1 512
1499 1280 -513
1500 -513 1280
1501 1280 -1025
1502 0 1024
1503 512 -1
1504 1280 0
1505 0 1024
1506 2048 -1
1507 0 1280
1508 1536 0
1509 768 1536
1510 256 256
1511 2048 1536
1512 -1 1280
1513 1792 512
1514 768 2304
1515 256 256
1516 1792 1792
1517 0 1024
1518 768 1024
1519 1792 1792
1520 -1 768
1521 2304 1792
1522 768 1536
1523 1024 1024
1524 2560 2304
1525 256 1024
1526 2816 1792
1527 512 2304
1528 2304 512
1529 1280 3328
1530 1536 512
1531 2048 2560
1532 768 2560
1533 2560 1024
1534 768 3840
1535 2816 1536
1536 1024 3328
1537 2304 2560
1538 1536 3072
1539 1536 2304
1540 2304 3328
1541 768 2304
1542 2816 2560
1543 1024 3584
1544 2560 1280
1545 1792 4352
1546 2048 1280
1547 2560 3328
1548 1280 2304
1549 2560 1792
1550 1024 3328
1551 1792 1280
1552 1792 3584
1553 1536 2048
1554 2304 3328
1555 1792 2816
1556 2304 3584
1557 2304 2560
1558 2048 4096
1559 2304 2816
1560 2304 3072
1561 2048 4608
1562 2816 1792
1563 2048 6144
1564 2816 2048
1565 3072 5120
1566 2304 4352
1567 3328 2560
1568 2048 6400
1569 2816 1536
1570 2304 5376
1571 2560 3584
1572 2816 3584
1573 2048 4864
1574 3584 3328
1575 1536 4608
1576 3328 3328
1577 2560 4352
1578 1792 2816
1579 3584 4096
1580 2048 3072
1581 2816 3328
1582 3584 4096
1583 2048 2816
1584 3584 4352
1585 3072 2560
1586 2560 3840
1587 4352 2560
1588 2048 3072
1589 4096 2816
1590 2560 2304
1591 3328 3840
1592 3584 1792
1593 2304 4352
1594 4352 2304
1595 1280 3584
1596 4864 4096
1597 1792 2304
1598 3328 4864
1599 3584 3072
1600 1536 3840
1601 4096 3840
1602 1792 3072
1603 2816 3840
1604 2816 3328
1605 2560 3072
1606 2560 3584
1607 3584 3072
1608 2048 3584
1609 3840 3328
1610 3072 3072
1611 2560 3840
1612 3840 2816
1613 2048 3584
1614 3328 3328
1615 2816 3328
1616 3072 3840
1617 3072 3584
1618 3840 3840
1619 2560 3584
1620 4352 3840
1621 2560 3328
1622 3328 3584
1623 3584 3840
1624 1792 3072
1625 4608 4864
1626 1792 3072
1627 4352 4864
1628 2560 4096
1629 3328 3328
1630 3072 5120
1631 2304 2304
1632 3072 5120
1633 1536 2816
1634 3072 4096
1635 1024 3840
1636 3584 3328
1637 1280 5120
1638 3072 2304
1639 2560 5632
1640 1280 2304
1641 3840 4352
1642 768 4096
1643 2816 2304
1644 1792 5120
1645 1792 2304
1646 2560 4096
1647 2048 3840
1648 2048 2560
1649 2304 4096
1650 2304 2816
1651 1280 2816
1652 2560 3328
1653 1280 2048
1654 1536 3584
1655 1792 2048
1656 1024 3584
1657 1792 2560
1658 1536 3072
1659 1536 3328
1660 1536 1536
1661 2048 4608
1662 768 256
1663 1792 4096
1664 1536 1792
1665 512 1280
1666 2816 4864
1667 768 -257
1668 2048 4864
1669 2304 1024
1670 768 1792
1671 2560 3840
1672 1280 -1
1673 1280 4096
1674 1792 768
1675 1024 2304
1676 1536 3584
1677 2048 256
1678 1280 5120
1679 2304 512
1680 1536 2816
1681 1536 3072
1682 2048 -1
1683 512 4352
1684 2048 -513
1685 768 3072
1686 1024 1024
1687 1792 1024
1688 768 2816
1689 1792 -257
1690 1536 3072
1691 1280 -513
1692 2048 1792
1693 1536 512
1694 1280 0
1695 2560 2048
1696 1280 -513
1697 2560 1792
1698 2304 512
1699 1536 256
1700 3584 1280
1701 1024 -257
1702 2816 1024
1703 1792 0
1704 1280 -1
1705 2816 1280
1706 1024 -1025
1707 2816 1536
1708 1536 -513
1709 2304 -1
1710 1792 1280
1711 2048 -2305
1712 1792 1792
1713 1536 -1537
1714 2304 -513
1715 512 768
1716 2816 -2305
1717 768 1280
1718 2304 -1281
1719 1792 -513
1720 1792 512
1721 2816 -2049
1722 1792 512
1723 3072 -1537
1724 1792 -1281
1725 3072 -1
1726 1792 -2561
1727 3328 0
1728 2304 -2049
1729 2560 -1281
1730 2816 -513
1731 2048 -2305
1732 3072 -257
1733 2048 -2305
1734 2560 -1025
1735 2048 -1025
1736 2816 -2049
1737 1792 -1
1738 3328 -1537
1739 1536 -769
1740 3328 -257
1741 2304 -2049
1742 2048 -1
1743 3584 -1537
1744 768 -1281
1745 4096 -513
1746 1024 -1537
1747 3584 0
1748 2048 -1025
1749 2304 -1
1750 3584 -257
1751 1536 -257
1752 4096 -1
1753 1792 -257
1754 3328 -257
1755 2560 -1
1756 2560 -1
1757 3072 -257
1758 2304 768
1759 2816 -513
1760 2560 1024
1761 2560 -257
1762 3072 256
1763 2560 768
1764 3328 -257
1765 3072 1536
1766 2560 -513
1767 4352 1280
1768 1536 -1
1769 4608 512
1770 2048 256
1771 3328 256
1772 4352 768
1773 1024 -1
1774 5888 1536
1775 1024 -513
1776 3840 2304
1777 3584 -1
1778 768 2048
1779 4864 1280
1780 1280 768
1781 2816 2816
1782 3840 -257
1783 1536 3840
1784 3584 -257
1785 2816 2816
1786 1792 1024
1787 3840 768
1788 1024 3072
1789 3072 0
1790 2304 3328
1791 1280 1024
1792 3840 2304
1793 512 2304
1794 3584 2304
1795 1280 2048
1796 1792 3072
1797 2816 1792
1798 256 3328
1799 3328 3072
1800 1024 2048
1801 2304 4608
1802 2304 1536
1803 1536 4864
1804 2304 2304
1805 1792 3328
1806 2048 3840
1807 1536 2560
1808 2048 4096
1809 1280 3328
1810 2560 3840
1811 1024 3840
1812 2304 4352
1813 2048 2816
1814 1280 5120
1815 3072 2816
1816 512 4608
1817 2816 4352
1818 1792 3584
1819 1024 5376
1820 3072 3840
1821 768 5632
1822 2048 4096
1823 2304 5632
1824 512 4096
1825 2816 5120
1826 768 5120
1827 1792 4096
1828 1792 5632
1829 1024 4608
1830 2304 5120
1831 768 5120
1832 2560 5376
1833 1024 4608
1834 1792 5888
1835 1792 4608
1836 768 4864
1837 1792 5632
1838 512 4096
1839 1280 5376
1840 1024 5376
1841 768 3584
1842 768 6144
1843 1536 3840
1844 0 4352
1845 2304 5376
1846 512 3072
1847 1280 5888
1848 2048 3328
1849 -257 5376
1850 2560 4096
1851 -257 4864
1852 1280 4864
1853 1024 3840
1854 -1 5888
1855 1280 2560
1856 -1 6400
1857 256 3072
1858 512 4864
1859 -513 5120
1860 256 3584
1861 -1 6144
1862 -513 3584
1863 512 5120
1864 -1281 4864
1865 256 3840
1866 -769 5120
1867 -769 3840
1868 -257 3840
1869 -1025 4864
1870 -769 2560
1871 -769 5120
1872 -1025 2560
1873 -1025 3840
1874 -1 3840
1875 -1793 1792
1876 256 5120
1877 -2049 1024
1878 -1 4608
1879 -1281 2560
1880 -1793 2560
1881 256 4608
1882 -3841 1536
1883 256 4608
1884 -3329 2304
1885 -1793 2816
1886 -1025 3584
1887 -4353 1536
1888 -769 3840
1889 -3841 1536
1890 -2561 2816
1891 -2305 2816
1892 -3585 512
1893 -2561 4096
1894 -3073 -257
1895 -3329 3072
1896 -2561 1024
1897 -3073 -1
1898 -3073 3584
1899 -2305 -2049
1900 -3329 3328
1901 -2817 -257
1902 -2561 0
1903 -3585 2048
1904 -2305 -1537
1905 -3329 2048
1906 -3585 -769
1907 -2305 256
1908 -4353 512
1909 -2817 -513
1910 -3073 768
1911 -4609 -257
1912 -2305 256
1913 -4353 0
1914 -4097 -513
1915 -2561 0
1916 -5377 -1025
1917 -2305 -1
1918 -4609 -1281
1919 -4097 -1025
1920 -2817 -769
1921 -5633 -1793
1922 -2817 -513
1923 -5121 -2049
1924 -4097 -1025
1925 -4097 -1793
1926 -4865 -1793
1927 -4097 -1793
1928 -4353 -2049
1929 -4353 -1793
1930 -4097 -2305
1931 -3841 -1537
1932 -4865 -2305
1933 -3073 -1537
1934 -4609 -2049
1935 -3329 -1793
1936 -3841 -2305
1937 -4097 -1281
1938 -3585 -2561
1939 -4353 -1537
1940 -3585 -1281
1941 -4609 -2817
1942 -3841 -1
1943 -4865 -3073
1944 -4353 -513
1945 -4609 -2049
1946 -4097 -2561
1947 -4609 -1025
1948 -3585 -3841
1949 -4097 -1537
1950 -3841 -3585
1951 -3073 -3073
1952 -4353 -2817
1953 -2561 -4353
1954 -3841 -2561
1955 -2817 -4353
1956 -3073 -4097
1957 -2561 -3073
1958 -3073 -5121
1959 -2305 -3329
1960 -2305 -3841
1961 -2817 -4865
1962 -1793 -2305
1963 -3329 -5377
1964 -1793 -3073
1965 -3329 -3585
1966 -1793 -4865
1967 -3073 -2305
1968 -2049 -4865
1969 -2049 -3073
1970 -3073 -3329
1971 -1281 -4097
1972 -3073 -3073
1973 -1537 -3585
1974 -2049 -3841
1975 -2049 -2817
1976 -1793 -4097
1977 -1281 -3841
1978 -1793 -3073
1979 -1025 -5121
1980 -1281 -2817
1981 -1537 -4865
1982 -513 -3841
1983 -1793 -3329
1984 -513 -4865
1985 -1281 -2817
1986 -769 -5121
1987 -1025 -3073
1988 -513 -4353
1989 -769 -3841
1990 -257 -3585
1991 -1 -4609
1992 -769 -2817
1993 512 -4865
1994 -769 -2561
1995 256 -4097
1996 0 -3841
1997 -513 -2305
1998 512 -4609
1999 -257 -2305
2000 -1 -3073
2001 0 -3841
2002 -513 -1537
2003 0 -3585
2004 -513 -2561
2005 -257 -2049
2006 -1 -3585
2007 -257 -2049
2008 256 -2817
2009 -1 -3073
2010 768 -2561
2011 256 -2817
2012 1024 -3585
2013 768 -2049
2014 1024 -3073
2015 1536 -2817
2016 768 -1281
2017 2048 -3585
2018 1280 -1025
2019 1792 -2305
2020 2048 -1793
2021 1280 -513
2022 2304 -2049
2023 1536 -513
2024 1536 -769
2025 2304 -1281
2026 1280 -257
2027 2048 -769
2028 1792 -1281
2029 1792 256
2030 2304 -1793
2031 2048 -257
2032 2560 -257
2033 2304 -1793
2034 2816 768
2035 2560 -1281
2036 3072 -257
2037 3072 256
2038 3072 -1025
2039 3328 512
2040 3584 -513
2041 3328 -1
2042 3328 512
2043 3328 -513
2044 3072 1280
2045 3584 -257
2046 2816 1280
2047 3584 1024
2048 2816 512
2049 3584 2816
2050 3072 256
2051 3328 3072
2052 3840 1536
2053 2560 2304
2054 4608 2816
2055 2816 1536
2056 4096 3584
2057 3840 1280
2058 3072 3072
2059 4864 2048
2060 3328 2048
2061 4096 2816
2062 4608 1536
2063 3328 3072
2064 4608 1792
2065 4352 3072
2066 3072 1792
2067 5632 3072
2068 3072 2560
2069 4608 2048
2070 5376 3840
2071 2816 1024
2072 6144 4096
2073 3840 2304
2074 4352 2560
2075 5888 3840
2076 3072 2048
2077 5632 4096
2078 4864 2816
2079 3584 3584
2080 6400 3584
2081 3584 3840
2082 5120 3328
2083 5120 4352
2084 3584 3328
2085 5888 4096
2086 3328 4608
2087 4864 3072
2088 4096 5376
2089 3840 2816
2090 5120 4608
2091 3072 4352
2092 5120 3072
2093 3840 4864
2094 3840 3072
2095 4864 3840
2096 3328 4352
2097 4352 2816
2098 4352 4352
2099 3072 3328
2100 4864 3072
2101 3328 4864
2102 3328 2048
2103 4864 4864
2104 1792 3072
2105 4608 3072
2106 2816 4864
2107 2816 2048
2108 3840 4608
2109 2048 2816
2110 3584 3328
2111 2304 4096
2112 3072 2560
2113 2304 4096
2114 2816 3328
2115 2304 3328
2116 1792 4608
2117 2816 3072
2118 1280 4352
2119 2560 4096
2120 1536 3584
2121 1536 4864
2122 2048 3072
2123 1536 4352
2124 1024 3584
2125 2048 3328
2126 512 3584
2127 1280 3328
2128 1792 2816
2129 -257 3584
2130 2304 3328
2131 -1 2816
2132 768 4352
2133 1280 2304
2134 -513 4352
2135 1536 3328
2136 -1 3328
2137 256 4096
2138 512 2816
2139 -1 3584
2140 256 3072
2141 0 2816
2142 -1 2816
2143 0 2560
2144 0 2816
2145 -513 2048
2146 512 2560
2147 -769 2048
2148 0 2048
2149 256 3072
2150 -1537 512
2151 1280 3584
2152 -1537 768
2153 0 1792
2154 0 3072
2155 -1793 -513
2156 1024 4352
2157 -2049 0
2158 -1 2304
2159 -769 3072
2160 -1281 256
2161 -257 4096
2162 -1793 1024
2163 -513 2560
2164 -1537 3072
2165 -1281 1536
2166 -769 3328
2167 -2049 2048
2168 -769 2048
2169 -1281 2816
2170 -2049 1280
2171 -1 2560
2172 -3073 1536
2173 -1 1536
2174 -2049 1792
2175 -2049 1280
2176 -257 1536
2177 -3329 1536
2178 -1 1792
2179 -3073 1280
2180 -769 2048
2181 -2305 1024
2182 -1281 1536
2183 -1537 1792
2184 -2049 1024
2185 -513 1280
2186 -2561 1280
2187 0 256
2188 -2817 1792
2189 0 256
2190 -2049 512
2191 -1025 1536
2192 -769 -769
2193 -1793 1792
2194 -1 -257
2195 -2049 1024
2196 256 512
2197 -2049 256
2198 256 1280
2199 -1537 0
2200 -257 1024
2201 -1 512
2202 -1537 768
2203 1280 0
2204 -2305 1280
2205 1280 -769
2206 -1025 768
2207 -1 -257
2208 768 -257
2209 -1537 256
2210 1792 -1281
2211 -769 256
2212 512 -1281
2213 1024 0
2214 -769 -1281
2215 2048 0
2216 -257 -1025
2217 1024 -769
2218 1280 0
2219 256 -1793
2220 2304 256
2221 256 -1281
2222 2304 -769
2223 1024 -1
2224 1536 -1793
2225 1792 0
2226 1024 -769
2227 2048 -1537
2228 1024 768
2229 1792 -2561
2230 1280 512
2231 1536 -1281
2232 1280 -1537
2233 1792 512
2234 1536 -3073
2235 2304 512
2236 1792 -2049
2237 2304 -1025
2238 2304 -513
2239 2048 -2049
2240 3072 -513
2241 2048 -1025
2242 3072 -1537
2243 2560 -257
2244 2560 -1025
2245 2816 -769
2246 3072 -1
2247 2304 -1537
2248 3584 0
2249 2304 -1537
2250 3072 0
2251 3072 -1537
2252 2048 -1
2253 3840 -1281
2254 1536 -769
2255 4096 -257
2256 1792 -2049
2257 3328 768
2258 3072 -2817
2259 2560 1024
2260 3840 -2305
2261 2560 -1
2262 3840 -769
2263 2816 -2049
2264 3840 512
2265 2560 -3073
2266 4352 256
2267 2560 -2049
2268 3584 -769
2269 3584 -513
2270 2304 -1537
2271 4864 -513
2272 2304 -513
2273 4096 -1281
2274 3584 0
2275 3072 -1025
2276 4096 -257
2277 3584 0
2278 2816 -1537
2279 4096 1024
2280 2304 -2049
2281 3584 512
2282 2816 -1025
2283 2560 -257
2284 3584 -1
2285 1792 -1025
2286 4096 512
2287 1536 -1025
2288 4352 512
2289 2048 -1025
2290 3328 512
2291 3328 -1025
2292 1792 0
2293 4608 -769
2294 768 -257
2295 4096 -1
2296 1536 -1025
2297 2816 256
2298 2304 -1281
2299 2048 512
2300 2816 -1025
2301 1536 512
2302 3072 -513
2303 768 0
2304 3072 256
2305 1280 -513
2306 1792 1024
2307 2048 -513
2308 512 768
2309 1792 0
2310 768 0
2311 768 768
2312 1536 0
2313 256 256
2314 1280 1024
2315 1024 -513
2316 256 1280
2317 2048 -1
2318 -1 -257
2319 2048 1536
2320 0 -1281
2321 1024 1024
2322 1024 -1
2323 -257 -513
2324 2304 768
2325 -1281 -513
2326 2048 0
2327 0 512
2328 -1 -257
2329 2048 512
2330 -1281 256
2331 2048 0
2332 -1 768
2333 -513 -257
2334 1536 768
2335 -1793 -257
2336 512 768
2337 -257 -257
2338 -1793 256
2339 512 256
2340 -2049 -513
2341 -257 1280
2342 -769 -769
2343 -1281 768
2344 -257 -1
2345 -1281 -1
2346 -769 512
2347 -1025 -513
2348 -1537 512
2349 -1025 -513
2350 -1537 256
2351 -2049 -1
2352 -1025 -257
2353 -2817 512
2354 -1281 -1025
2355 -1793 768
2356 -2817 -1
2357 -769 -257
2358 -3585 1024
2359 -1537 -769
2360 -2305 768
2361 -3585 0
2362 -1281 0
2363 -4609 512
2364 -2305 0
2365 -2817 0
2366 -4865 512
2367 -1537 256
2368 -5121 -257
2369 -2817 1024
2370 -3073 -513
2371 -4865 256
2372 -1793 -1
2373 -5121 -769
2374 -2817 -1
2375 -3841 -769
2376 -4609 -513
2377 -2817 -769
2378 -5377 -513
2379 -3585 -1281
2380 -4609 -769
2381 -5121 -769
2382 -3585 -1537
2383 -5377 -257
2384 -3841 -1281
2385 -4353 -1537
2386 -4865 -1
2387 -3329 -2561
2388 -5377 -1
2389 -3585 -1537
2390 -4609 -2049
2391 -5121 -1
2392 -3585 -3073
2393 -6145 -1
2394 -3585 -2561
2395 -6145 -1281
2396 -4609 -1793
2397 -5121 -2305
2398 -5633 -1281
2399 -4097 -3329
2400 -6145 -1281
2401 -3841 -3073
2402 -5889 -2305
2403 -4097 -2817
2404 -5121 -2817
2405 -4865 -3073
2406 -4353 -2817
2407 -5889 -3329
2408 -3841 -3073
2409 -6401 -2817
2410 -4097 -3841
2411 -5889 -2561
2412 -5121 -4097
2413 -4865 -2561
2414 -6145 -4097
2415 -4353 -2817
2416 -6401 -3585
2417 -4609 -3329
2418 -5377 -3329
2419 -5633 -3329
2420 -4609 -3073
2421 -5633 -3841
2422 -4865 -2305
2423 -4865 -4865
2424 -5633 -1793
2425 -4097 -4865
2426 -5377 -3073
2427 -4865 -3585
2428 -4353 -4865
2429 -5377 -2561
2430 -4097 -5633
2431 -5121 -3073
2432 -4353 -5121
2433 -4865 -4353
2434 -4097 -4353
2435 -5121 -4865
2436 -4097 -4609
2437 -4353 -4609
2438 -5121 -4865
2439 -3073 -4609
2440 -5633 -4609
2441 -3073 -5121
2442 -4865 -4097
2443 -3841 -5377
2444 -3841 -3585
2445 -4609 -4865
2446 -3073 -4097
2447 -4865 -3841
2448 -2817 -4609
2449 -4097 -4097
2450 -3329 -4097
2451 -3329 -4609
2452 -3329 -4097
2453 -2817 -4609
2454 -3073 -5121
2455 -2817 -3585
2456 -2817 -6145
2457 -2817 -3329
2458 -2561 -5633
2459 -2561 -4097
2460 -3073 -4609
2461 -1793 -4865
2462 -3073 -3329
2463 -1793 -5889
2464 -2561 -2561
2465 -2049 -5889
2466 -1537 -3073
2467 -2305 -5121
2468 -1025 -4353
2469 -2049 -4097
2470 -769 -5377
2471 -2049 -3329
2472 -769 -5889
2473 -2049 -3329
2474 -1025 -5377
2475 -1537 -4097
2476 -2049 -4609
2477 -513 -4865
2478 -3073 -4353
2479 0 -4865
2480 -2561 -4353
2481 -1025 -5121
2482 -513 -4353
2483 -2305 -5121
2484 0 -4353
2485 -2049 -5121
2486 -257 -4353
2487 -769 -5121
2488 -1537 -4097
2489 -1 -4865
2490 -1281 -4609
2491 -513 -3841
2492 -1 -5121
2493 -1793 -3841
2494 0 -4865
2495 -1025 -4353
2496 -769 -4609
2497 256 -4097
2498 -1537 -4865
2499 0 -3585
2500 -513 -4609
2501 -513 -4609
2502 0 -3329
2503 -1 -5377
2504 -257 -3073
2505 768 -4865
2506 -257 -4097
2507 256 -3841
2508 768 -4353
2509 -257 -4097
2510 1280 -3841
2511 -257 -4353
2512 768 -3585
2513 0 -3585
2514 256 -4865
2515 512 -2561
2516 -257 -5121
2517 1024 -3329
2518 -257 -3841
2519 1024 -4609
2520 256 -2817
2521 256 -4865
2522 1024 -3329
2523 256 -4097
2524 1024 -3585
2525 1024 -3585
2526 256 -3585
2527 1792 -3329
2528 256 -3585
2529 768 -2561
2530 1792 -4097
2531 -513 -2561
2532 2560 -3329
2533 0 -3841
2534 1280 -2049
2535 1536 -4097
2536 0 -2561
2537 2048 -2817
2538 512 -3841
2539 1280 -2049
2540 768 -3329
2541 1536 -2561
2542 256 -2049
2543 1792 -3329
2544 256 -1793
2545 1024 -2561
2546 1280 -3073
2547 0 -769
2548 2048 -3841
2549 0 -1281
2550 2048 -1537
2551 256 -3841
2552 1536 256
2553 1024 -3841
2554 768 -769
2555 2048 -1025
2556 512 -3073
2557 1792 0
2558 1024 -2561
2559 1536 -769
2560 1024 -1025
2561 2048 -1537
2562 768 -769
2563 2048 -769
2564 1536 -1281
2565 1280 -257
2566 2304 -1025
2567 1024 -1025
2568 2048 256
2569 1536 -2305
2570 1536 1024
2571 1792 -1793
2572 1792 -1
2573 1536 0
2574 2816 -1793
2575 1024 1536
2576 3072 -1793
2577 1536 768
2578 2048 -1
2579 3072 -1
2580 768 768
2581 3840 256
2582 768 256
2583 3072 768
2584 1792 512
2585 1536 256
2586 3072 1536
2587 1024 -257
2588 2816 2304
2589 2048 256
2590 1536 1280
2591 2816 2048
2592 1792 0
2593 1536 2816
2594 3584 768
2595 -1 1792
2596 3584 2048
2597 768 1536
2598 1280 2048
2599 3072 2048
2600 -1 2304
2601 3584 2048
2602 0 2816
2603 2560 2048
2604 1024 2816
2605 1792 3072
2606 1536 2048
2607 768 3840
2608 2304 2048
2609 -1 3328
2610 2304 3328
2611 -1 1792
2612 1536 4352
2613 512 1792
2614 512 4096
2615 768 2816
2616 0 3328
2617 1280 3840
2618 -1 3072
2619 1024 4352
2620 0 3072
2621 256 4608
2622 512 3328
2623 -257 4864
2624 768 3584
2625 -257 4608
2626 0 4096
2627 512 4352
2628 -769 4864
2629 768 3840
2630 -513 5120
2631 -1 3840
2632 512 5376
2633 -1281 3584
2634 512 5120
2635 -513 3840
2636 -1025 4352
2637 256 4608
2638 -1281 3072
2639 -513 4864
2640 -1 3072
2641 -2049 4352
2642 256 3840
2643 -1281 3840
2644 -1281 4096
2645 0 4352
2646 -2305 3584
2647 0 5120
2648 -1793 3840
2649 -769 4352
2650 -1537 4608
2651 -1537 3328
2652 -1281 5120
2653 -2305 3584
2654 -1025 4608
2655 -2817 3840
2656 -1281 4864
2657 -2817 3328
2658 -1793 4864
2659 -2561 3584
2660 -2561 3584
2661 -1793 5120
2662 -3329 2048
2663 -1537 5120
2664 -3329 2560
2665 -2049 3328
2666 -3073 3840
2667 -2561 2304
2668 -2561 3584
2669 -3585 3328
2670 -1793 2560
2671 -4097 4352
2672 -2305 2816
2673 -3329 3328
2674 -3585 4096
2675 -2305 2560
2676 -3841 4608
2677 -2561 2560
2678 -3073 3840
2679 -3073 3072
2680 -2561 3072
2681 -3329 3072
2682 -2561 3072
2683 -2817 2816
2684 -3073 2816
2685 -2817 3328
2686 -3073 2048
2687 -2817 3584
2688 -3073 1536
2689 -2561 3328
2690 -2817 1536
2691 -2817 2560
2692 -2305 2048
2693 -3073 1536
2694 -2305 2560
2695 -2561 1024
2696 -3073 2560
2697 -2049 1280
2698 -2305 2048
2699 -3073 1536
2700 -1025 2304
2701 -3329 1280
2702 -1537 2560
2703 -1281 1280
2704 -3329 2048
2705 512 2048
2706 -3841 1024
2707 0 2816
2708 -1793 256
2709 -2049 2816
2710 512 256
2711 -3329 2048
2712 768 1024
2713 -2561 1024
2714 -1 1280
2715 -1025 512
2716 -513 1792
2717 -1 -257
2718 -1025 2048
2719 768 -513
2720 -1793 1280
2721 1280 256
2722 -1281 0
2723 512 1024
2724 0 -1
2725 -1 768
2726 768 0
2727 -1 512
2728 1280 0
2729 0 768
2730 1536 0
2731 256 512
2732 1792 256
2733 1024 512
2734 1792 512
2735 1536 256
2736 1792 512
2737 2304 256
2738 1536 1024
2739 2816 -1
2740 1280 1024
2741 2560 0
2742 1536 256
2743 2304 512
2744 2048 -1
2745 2304 0
2746 2048 256
2747 2560 -513
2748 2304 0
2749 2560 0
2750 2816 -1281
2751 2048 1024
2752 3840 -1537
2753 1280 0
2754 4352 -1
2755 2048 -1793
2756 2816 1536
2757 4096 -2817
2758 1536 1280
2759 4608 -1025
2760 2048 -769
2761 3328 1536
2762 3072 -2561
2763 2816 2048
2764 3584 -1537
2765 2816 512
2766 3584 0
2767 3328 -1025
2768 3584 768
2769 3328 -1281
2770 3584 512
2771 3584 -1281
2772 3072 512
2773 4096 -1281
2774 2560 512
2775 3328 -513
2776 3328 -257
2777 2048 768
2778 4096 -2049
2779 1536 1536
2780 3584 -2049
2781 2560 0
2782 2304 -513
2783 3584 -1537
2784 1536 0
2785 3840 -1793
2786 1792 0
2787 3328 -1281
2788 2304 -257
2789 2816 -257
2790 3072 -513
2791 2048 256
2792 4096 -513
2793 1024 0
2794 4096 -1
2795 1792 -513
2796 2304 0
2797 3328 -1281
2798 1024 -1
2799 3072 -1025
2800 1536 -1025
2801 2048 -1
2802 1792 -2049
2803 1536 256
2804 1536 -1281
2805 1792 -513
2806 1024 -1
2807 1536 -1281
2808 1536 256
2809 768 -1281
2810 1792 -1
2811 768 -769
2812 1280 -1281
2813 1536 0
2814 512 -2049
2815 1280 -257
2816 1024 -1025
2817 512 -1793
2818 1792 0
2819 256 -2305
2820 1536 -513
2821 768 -1281
2822 768 -1793
2823 1792 -257
2824 -1 -2305
2825 2304 -513
2826 -257 -1793
2827 1280 -1281
2828 1024 -769
2829 -1 -2305
2830 1792 -769
2831 -257 -1793
2832 1024 -1793
2833 512 -1025
2834 0 -2049
2835 768 -1793
2836 -1 -1025
2837 -1 -2049
2838 512 -1281
2839 -769 -1025
2840 256 -2305
2841 -1 -513
2842 -769 -1793
2843 512 -1537
2844 -1025 -769
2845 -1 -2305
2846 -257 -513
2847 -769 -2049
2848 -257 -769
2849 -769 -1281
2850 -1025 -1281
2851 -513 -769
2852 -1537 -2049
2853 -1025 -257
2854 -1281 -2305
2855 -1537 -769
2856 -1025 -1537
2857 -2305 -2049
2858 -513 -1025
2859 -2561 -2049
2860 -1025 -1537
2861 -1537 -1537
2862 -2561 -1793
2863 -1025 -1281
2864 -2817 -1281
2865 -2049 -1281
2866 -1793 -1025
2867 -3073 -1537
2868 -2305 -769
2869 -1793 -1793
2870 -4097 -769
2871 -1281 -1537
2872 -3841 -1281
2873 -2817 -1025
2874 -1793 -1537
2875 -4609 -769
2876 -1281 -1537
2877 -4097 -1025
2878 -2817 -1025
2879 -2561 -769
2880 -3841 -1281
2881 -2561 -257
2882 -3329 -1537
2883 -3585 -513
2884 -2817 -769
2885 -3329 -1537
2886 -3585 -1
2887 -2817 -2049
2888 -3841 -769
2889 -3073 -1281
2890 -3329 -1281
2891 -3585 -1281
2892 -3073 -1281
2893 -3329 -1793
2894 -3841 -1537
2895 -2817 -1537
2896 -3841 -1793
2897 -3585 -1281
2898 -2817 -1793
2899 -4353 -1793
2900 -2561 -1793
2901 -3841 -1537
2902 -3585 -2305
2903 -2817 -1025
2904 -3841 -2561
2905 -3073 -1025
2906 -2817 -1793
2907 -4353 -2049
2908 -2049 -1025
2909 -4353 -2561
2910 -3329 -769
2911 -2817 -2305
2912 -5121 -1281
2913 -2305 -1537
2914 -5377 -1793
2915 -3073 -1537
2916 -4097 -1793
2917 -4097 -2049
2918 -3585 -1537
2919 -4097 -2049
2920 -3329 -2049
2921 -4097 -1793
2922 -3073 -2561
2923 -4097 -1281
2924 -2817 -3073
2925 -4097 -1281
2926 -2305 -2817
2927 -4353 -2305
2928 -2305 -2049
2929 -3585 -3073
2930 -3329 -2049
2931 -2049 -2817
2932 -4865 -2817
2933 -1025 -2305
2934 -4865 -2561
2935 -1793 -3329
2936 -3329 -1537
2937 -3329 -4353
2938 -2049 -1793
2939 -3585 -3841
2940 -2049 -2817
2941 -3073 -3073
2942 -2049 -3585
2943 -2817 -2561
2944 -2049 -4353
2945 -2817 -1537
2946 -1793 -5121
2947 -2817 -1281
2948 -1537 -4865
2949 -2561 -2305
2950 -1537 -3073
2951 -1793 -4353
2952 -2305 -1025
2953 -769 -5633
2954 -2817 -1025
2955 -1 -4097
2956 -2817 -2817
2957 -257 -2049
2958 -1793 -3585
2959 -1281 -2305
2960 -257 -2561
2961 -1793 -3329
2962 -257 -2561
2963 -1281 -2305
2964 -513 -3841
2965 -1537 -1793
2966 -257 -4097
2967 -2049 -2561
2968 -1 -3329
2969 -1793 -3073
2970 -769 -3329
2971 -257 -3585
2972 -2049 -3329
2973 768 -4097
2974 -2305 -3073
2975 256 -4353
2976 -1025 -3329
2977 -769 -3585
2978 0 -3841
2979 -1537 -3585
2980 256 -3329
2981 -1281 -4097
2982 -257 -2561
2983 -257 -4097
2984 -769 -3073
2985 0 -2561
2986 -769 -4097
2987 -1 -1537
2988 -1 -4097
2989 -513 -2049
2990 0 -3073
2991 -513 -3073
2992 0 -2561
2993 -513 -3073
2994 0 -2561
2995 -769 -3329
2996 0 -2561
2997 -257 -3329
2998 -769 -2561
2999 512 -3073
3000 -1537 -2561
3001 1024 -3073
3002 -1025 -2561
3003 0 -3073
3004 0 -3073
3005 -769 -2561
3006 768 -3841
3007 -1025 -2561
3008 768 -3841
3009 -513 -3073
3010 0 -3585
3011 0 -3585
3012 -257 -3329
3013 256 -4097
3014 -257 -3073
3015 256 -4097
3016 -257 -3073
3017 0 -3841
3018 -257 -3585
3019 -257 -3329
3020 256 -3841
3021 -1025 -3073
3022 768 -4097
3023 -513 -2561
3024 -257 -4097
3025 768 -2817
3026 -1537 -2817
3027 1024 -3841
3028 -1025 -1537
3029 -1 -3585
3030 0 -2561
3031 -1281 -2049
3032 512 -3585
3033 -1281 -2305
3034 256 -2561
3035 -769 -3841
3036 -1 -1537
3037 -257 -3585
3038 -257 -2561
3039 -1 -2049
3040 -513 -3585
3041 -1 -1025
3042 -1025 -3585
3043 256 -1281
3044 -1025 -2561
3045 0 -2817
3046 -769 -1281
3047 -257 -3841
3048 -257 -1537
3049 -769 -2561
3050 -1 -3329
3051 -1793 -1281
3052 256 -3073
3053 -2049 -2305
3054 -1 -1281
3055 -769 -3329
3056 -1025 -769
3057 0 -2817
3058 -1281 -1537
3059 256 -1281
3060 -1281 -2561
3061 512 -769
3062 -1281 -2049
3063 0 -1537
3064 -257 -1281
3065 -1025 -1537
3066 512 -1793
3067 -1537 -513
3068 512 -2817
3069 -1025 -257
3070 0 -2049
3071 -1 -1537
3072 -257 -769
3073 256 -2305
3074 -1 -1
3075 0 -2305
3076 0 256
3077 512 -2305
3078 -513 0
3079 1280 -1537
3080 -257 -513
3081 768 -513
3082 1024 -2049
3083 -257 512
3084 1536 -2817
3085 512 768
3086 256 -2049
3087 1280 -257
3088 512 -769
3089 0 -1025
3090 1792 -1
3091 -769 -1025
3092 1536 256
3093 256 -1537
3094 0 1024
3095 1280 -1537
3096 -257 512
3097 1536 -1
3098 -1 -513
3099 1536 1024
3100 256 -513
3101 1024 1024
3102 1024 256
3103 512 512
3104 1024 1024
3105 512 768
3106 1280 1024
3107 0 1024
3108 2304 1280
3109 -513 1024
3110 2304 1024
3111 512 1536
3112 0 768
3113 2304 2048
3114 -1025 768
3115 2304 1792
3116 -257 1792
3117 1024 1024
3118 768 2304
3119 -1 768
3120 1536 2048
3121 -1 1024
3122 1792 1792
3123 256 1792
3124 1280 1536
3125 1024 2048
3126 768 2048
3127 1536 2048
3128 512 2560
3129 1792 2304
3130 768 2304
3131 1536 2560
3132 1536 2048
3133 512 3328
3134 1792 1536
3135 768 3584
3136 768 2048
3137 1536 3072
3138 0 3584
3139 1536 2048
3140 512 4608
3141 768 2560
3142 1792 3840
3143 -1 4096
3144 2304 2816
3145 0 4352
3146 1280 3584
3147 1536 3072
3148 0 4864
3149 1792 2560
3150 -1 4352
3151 1024 3328
3152 512 3072
3153 256 4352
3154 768 2304
3155 256 4608
3156 256 2304
3157 768 4352
3158 -1 3072
3159 1280 3584
3160 0 4096
3161 256 3072
3162 1792 4352
3163 -1025 3584
3164 2560 3840
3165 -1025 4096
3166 1536 4096
3167 256 3328
3168 -513 5376
3169 1792 2816
3170 -2049 5376
3171 2304 3840
3172 -2049 3584
3173 768 5376
3174 -1 2304
3175 -1281 5376
3176 1024 3328
3177 -1537 3840
3178 512 4352
3179 -513 3584
3180 -257 3840
3181 -257 4352
3182 0 3584
3183 -769 3840
3184 512 4864
3185 -513 3072
3186 -1 4864
3187 256 4352
3188 -769 3072
3189 512 5632
3190 -513 3584
3191 -257 3840
3192 0 5376
3193 -513 2560
3194 -1 5376
3195 256 3328
3196 -1025 3840
3197 1280 4096
3198 -1025 3328
3199 512 3840
3200 0 3328
3201 -1025 3840
3202 1536 2816
3203 -1793 4352
3204 1280 2304
3205 -769 4608
3206 0 2816
3207 256 3584
3208 -513 4096
3209 256 2816
3210 0 4864
3211 -1 3328
3212 512 4608
3213 512 3840
3214 -513 4864
3215 2048 3328
3216 -1281 5376
3217 1792 3584
3218 0 4096
3219 -257 4864
3220 2048 2560
3221 -1281 5120
3222 1536 2816
3223 -257 3840
3224 256 3328
3225 256 3328
3226 -1 3072
3227 512 3584
3228 -257 3072
3229 512 3072
3230 -1 3840
3231 -1 3072
3232 768 3584
3233 -1025 3584
3234 1024 3072
3235 -1 3072
3236 -1 3840
3237 1792 2048
3238 -1281 4096
3239 2560 2304
3240 -513 2816
3241 1024 3072
3242 1280 2304
3243 -257 3328
3244 2048 2304
3245 -257 3328
3246 1536 2304
3247 0 3584
3248 1280 2304
3249 256 3072
3250 768 2816
3251 768 3072
3252 256 2816
3253 1536 3072
3254 -1 3072
3255 1536 2560
3256 0 3584
3257 1024 1792
3258 1024 3840
3259 512 1792
3260 1536 2560
3261 768 2560
3262 1280 1280
3263 1280 2304
3264 1024 1536
3265 1536 1536
3266 1024 1792
3267 1280 1536
3268 1536 1280
3269 512 2048
3270 2048 256
3271 768 1792
3272 1536 512
3273 1792 768
3274 512 1280
3275 2048 -1
3276 1024 1536
3277 1024 256
3278 2048 512
3279 256 1280
3280 2048 -1
3281 1024 768
3282 1024 768
3283 2048 -257
3284 512 1024
3285 2304 -1
3286 768 0
3287 1536 256
3288 768 -1
3289 1280 -1
3290 768 256
3291 512 -257
3292 1280 -1
3293 -257 256
3294 1536 -769
3295 -257 512
3296 1024 -1281
3297 0 256
3298 256 -1281
3299 768 -257
3300 0 -769
3301 1280 -1537
3302 -1 -513
3303 1280 -2305
3304 0 -769
3305 1024 -2561
3306 768 -513
3307 256 -3329
3308 1536 -513
3309 256 -2817
3310 768 -2305
3311 1792 -769
3312 -1 -4353
3313 2304 0
3314 512 -4609
3315 768 -513
3316 2304 -3329
3317 -769 -2561
3318 3072 -1793
3319 -513 -4353
3320 1792 -1281
3321 1024 -4609
3322 0 -2049
3323 2560 -4097
3324 -769 -2817
3325 2816 -3841
3326 -257 -3073
3327 1792 -3585
3328 512 -3841
3329 768 -2305
3330 1280 -5121
3331 0 -1537
3332 1792 -4609
3333 -257 -2817
3334 2304 -3073
3335 -257 -4353
3336 1536 -2305
3337 1024 -4097
3338 0 -2817
3339 2304 -3585
3340 -513 -3073
3341 1792 -3329
3342 256 -3073
3343 0 -3073
3344 1536 -3073
3345 -257 -3073
3346 1024 -3329
3347 256 -3073
3348 -1 -3585
3349 768 -2817
3350 -257 -3585
3351 256 -2817
3352 0 -3329
3353 -1 -3073
3354 256 -2817
3355 -257 -3329
3356 0 -2817
3357 256 -2817
3358 -257 -3073
3359 256 -2561
3360 -1 -2305
3361 -257 -2817
3362 512 -1537
3363 -1025 -2817
3364 0 -1537
3365 -257 -1793
3366 -1025 -2305
3367 0 -769
3368 -1025 -2305
3369 -257 -769
3370 -513 -1793
3371 -769 -1537
3372 -513 -1025
3373 -769 -1793
3374 -513 -1025
3375 -769 -1537
3376 -769 -1793
3377 -513 -1025
3378 -1281 -2049
3379 -257 -1025
3380 -1025 -1537
3381 -1025 -2049
3382 -257 -257
3383 -1793 -2561
3384 -257 -257
3385 -1281 -1537
3386 -1281 -1281
3387 -257 -1
3388 -1793 -2049
3389 -257 0
3390 -1025 -1281
3391 -1281 -513
3392 -513 -1
3393 -1793 -1025
3394 -769 256
3395 -1281 -1
3396 -1537 -513
3397 -769 1024
3398 -2305 -769
3399 -1025 768
3400 -1793 512
3401 -2305 -257
3402 -1025 1536
3403 -3073 -769
3404 -1281 1280
3405 -2305 -1
3406 -2561 512
3407 -1281 256
3408 -2817 0
3409 -1281 768
3410 -2049 -257
3411 -1793 1024
3412 -1537 -257
3413 -2049 1024
3414 -1537 -257
3415 -2049 1024
3416 -2049 -1
3417 -2305 512
3418 -1793 512
3419 -2817 -1
3420 -1793 1280
3421 -2817 -513
3422 -2561 1280
3423 -1793 -513
3424 -3329 1024
3425 -1281 -1
3426 -3073 0
3427 -2049 1024
3428 -2049 -1025
3429 -2305 1792
3430 -1793 -1025
3431 -2561 512
3432 -1537 512
3433 -2817 -1025
3434 -1025 1536
3435 -2817 -1025
3436 -1793 256
3437 -1537 512
3438 -2817 -1281
3439 -769 1024
3440 -2817 -1025
3441 -1281 -1
3442 -1793 0
3443 -2049 -769
3444 -1025 0
3445 -2817 -769
3446 -769 -1
3447 -2561 -513
3448 -1793 -1
3449 -1281 -513
3450 -3073 -1
3451 -257 -257
3452 -3073 -257
3453 -1025 -1
3454 -1537 -769
3455 -2817 0
3456 -257 -1025
3457 -3329 -513
3458 -769 -257
3459 -2305 -1537
3460 -2049 -257
3461 -1025 -1281
3462 -2817 -1537
3463 -1025 -513
3464 -1793 -2049
3465 -2049 -769
3466 -1025 -1537
3467 -2049 -1025
3468 -1793 -1025
3469 -769 -1281
3470 -3073 -257
3471 -1 -1793
3472 -2305 0
3473 -1537 -1537
3474 -1 -769
3475 -3329 -513
3476 512 -2049
3477 -3073 -1
3478 -513 -2049
3479 -1537 -769
3480 -2561 -1025
3481 -257 -1793
3482 -3585 -513
3483 -257 -1793
3484 -2817 -1281
3485 -2049 -1281
3486 -1025 -2305
3487 -2817 -1281
3488 -1281 -2049
3489 -1537 -2049
3490 -1793 -1793
3491 -1281 -2305
3492 -1025 -2049
3493 -2305 -2049
3494 -257 -2305
3495 -2049 -2305
3496 -1025 -2049
3497 -769 -2817
3498 -2305 -1793
3499 -257 -2817
3500 -2561 -2049
3501 -513 -2305
3502 -2049 -2817
3503 -1281 -1793
3504 -1281 -3329
3505 -2049 -1793
3506 -769 -3073
3507 -2305 -2305
3508 -513 -2561
3509 -2049 -3073
3510 -513 -2305
3511 -1537 -3329
3512 -1281 -2305
3513 -513 -3329
3514 -1793 -3073
3515 -513 -3073
3516 -1537 -3585
3517 -769 -2817
3518 -2049 -3841
3519 -257 -3329
3520 -2305 -3329
3521 -1025 -4097
3522 -1025 -3329
3523 -3073 -4097
3524 0 -4097
3525 -3073 -3585
3526 -1025 -4353
3527 -1281 -4097
3528 -2817 -3841
3529 -769 -4353
3530 -2305 -4097
3531 -2049 -4097
3532 -1281 -4353
3533 -2049 -4097
3534 -2049 -4097
3535 -1025 -4353
3536 -2561 -3841
3537 -1281 -4097
3538 -1537 -4353
3539 -2561 -3841
3540 -513 -4609
3541 -2561 -3841
3542 -1281 -4609
3543 -1025 -4097
3544 -3073 -4353
3545 0 -4609
3546 -3329 -3585
3547 -1281 -5889
3548 -513 -2817
3549 -4097 -5889
3550 512 -3841
3551 -3585 -3841
3552 -1537 -6145
3553 -513 -2049
3554 -3841 -6401
3555 0 -3329
3556 -3073 -4097
3557 -1281 -5633
3558 -1025 -2817
3559 -3073 -5377
3560 0 -4865
3561 -3073 -3585
3562 -513 -6145
3563 -1025 -3841
3564 -2817 -4609
3565 512 -6401
3566 -3073 -2561
3567 -1 -7169
3568 -1025 -3585
3569 -2049 -4865
3570 512 -5889
3571 -2305 -2817
3572 256 -6145
3573 -1281 -3585
3574 -513 -4609
3575 -1 -4609
3576 -1281 -4097
3577 0 -3841
3578 -1025 -5121
3579 -769 -3073
3580 0 -4609
3581 -1281 -4353
3582 -257 -2817
3583 -1 -5889
3584 -1281 -2305
3585 512 -5377
3586 -1537 -3329
3587 0 -3841
3588 -257 -4353
3589 -1025 -2561
3590 768 -4609
3591 -1281 -2305
3592 512 -4097
3593 -1 -2561
3594 -257 -3329
3595 256 -3329
3596 0 -2305
3597 -513 -3841
3598 1024 -2049
3599 -513 -3841
3600 0 -2305
3601 1024 -3073
3602 -1281 -3329
3603 1792 -2049
3604 -769 -4097
3605 512 -1537
3606 768 -2817
3607 -513 -2561
3608 1536 -1281
3609 -1 -2561
3610 1024 -1025
3611 768 -1793
3612 512 -1025
3613 1024 -1281
3614 768 -513
3615 1024 -1281
3616 1280 -769
3617 1024 -257
3618 1280 -1793
3619 1280 512
3620 1280 -1793
3621 1280 0
3622 1536 -513
3623 1280 -1025
3624 1536 768
3625 1792 -1537
3626 1024 768
3627 2560 -257
3628 768 -1
3629 2304 768
3630 1536 -1
3631 1536 768
3632 2304 512
3633 768 256
3634 2816 1280
3635 512 512
3636 2816 768
3637 1280 1536
3638 1792 0
3639 2816 1792
3640 768 1024
3641 3072 1024
3642 1024 2048
3643 2560 1280
3644 1792 1792
3645 1792 2048
3646 2560 1792
3647 1280 2048
3648 2560 2816
3649 1280 1792
3650 2048 3072
3651 1792 2304
3652 1536 2560
3653 1792 2816
3654 1792 2816
3655 1792 2816
3656 1536 2560
3657 2048 3328
3658 1024 2304
3659 2048 3840
3660 1536 2560
3661 768 4096
3662 2304 3328
3663 256 3584
3664 1792 4352
3665 1024 3072
3666 768 5120
3667 1536 3072
3668 0 4864
3669 1536 4096
3670 768 4096
3671 768 4864
3672 1536 3840
3673 512 4864
3674 1280 4096
3675 1792 4608
3676 512 4352
3677 2304 4608
3678 1024 4096
3679 1024 5120
3680 2304 4096
3681 256 4608
3682 2048 4864
3683 768 4096
3684 1024 4864
3685 1280 4352
3686 1024 4608
3687 768 4864
3688 1280 4864
3689 1280 4352
3690 512 5632
3691 2048 4352
3692 0 5376
3693 2048 5376
3694 768 4864
3695 1024 6400
3696 2048 4608
3697 256 6144
3698 1792 5632
3699 512 5376
3700 1024 6400
3701 768 5120
3702 768 6144
3703 512 5888
3704 1024 5120
3705 256 6400
3706 1024 4864
3707 512 6144
3708 256 5376
3709 1536 5120
3710 -257 6656
3711 2048 4352
3712 -257 6656
3713 1536 5120
3714 1024 5376
3715 0 6400
3716 2304 4608
3717 -513 6400
3718 2304 5632
3719 0 5376
3720 512 6400
3721 1536 5376
3722 -257 5888
3723 1536 6144
3724 256 5120
3725 512 6656
3726 1024 5376
3727 256 5888
3728 512 6144
3729 1280 5376
3730 0 6144
3731 1280 5632
3732 1024 5632
3733 0 5376
3734 1792 6144
3735 0 4864
3736 1024 6144
3737 1024 5376
3738 256 5120
3739 1280 6144
3740 512 4864
3741 768 5376
3742 768 6144
3743 768 4352
3744 768 6144
3745 1280 5376
3746 512 4096
3747 1280 7424
3748 1024 2560
3749 512 6912
3750 2048 4352
3751 -1 3840
3752 2304 6912
3753 768 1792
3754 768 6656
3755 2304 3072
3756 0 4352
3757 2304 4864
3758 512 3072
3759 1536 5120
3760 1280 3584
3761 1024 4352
3762 1536 4096
3763 1024 4096
3764 1536 3584
3765 1024 4864
3766 1280 3072
3767 1024 4608
3768 1280 3840
3769 768 3328
3770 1792 4608
3771 512 2816
3772 1536 4096
3773 1024 3328
3774 768 3072
3775 2048 3584
3776 256 3328
3777 2304 2816
3778 768 3584
3779 1536 2560
3780 1792 3072
3781 1024 2816
3782 2048 2304
3783 768 3072
3784 1536 1792
3785 1280 2560
3786 768 2048
3787 1792 1536
3788 512 2304
3789 1280 1280
3790 1536 1792
3791 0 1792
3792 2048 768
3793 256 1792
3794 1280 768
3795 1024 1280
3796 768 1536
3797 1536 512
3798 512 1280
3799 1536 768
3800 512 768
3801 1280 768
3802 768 1024
3803 1280 0
3804 512 1280
3805 1280 0
3806 1024 0
3807 256 1024
3808 2048 -769
3809 0 1024
3810 1536 -257
3811 1024 -257
3812 768 0
3813 1280 -769
3814 1280 -257
3815 768 -513
3816 1792 -1281
3817 1280 -769
3818 1024 -1281
3819 2560 -1793
3820 512 -769
3821 2304 -2561
3822 1280 -1025
3823 1280 -2305
3824 2304 -1793
3825 512 -1537
3826 2048 -2561
3827 1024 -1025
3828 768 -2561
3829 1792 -1537
3830 0 -2049
3831 1536 -2305
3832 768 -1793
3833 256 -2817
3834 1280 -2049
3835 512 -2817
3836 768 -2561
3837 768 -2817
3838 768 -2817
3839 256 -2817
3840 1280 -3329
3841 256 -2049
3842 1024 -3585
3843 768 -2049
3844 256 -2817
3845 1536 -3329
3846 -1 -1281
3847 1792 -4097
3848 0 -1281
3849 768 -3073
3850 768 -3073
3851 0 -1281
3852 768 -3841
3853 -1 -1793
3854 256 -2817
3855 -1 -3073
3856 0 -2049
3857 -513 -3585
3858 0 -2305
3859 -513 -2817
3860 -257 -3329
3861 -257 -2305
3862 -513 -4097
3863 -257 -2049
3864 -257 -3841
3865 -257 -3073
3866 -513 -2305
3867 -257 -4609
3868 -513 -1025
3869 -257 -4609
3870 -513 -2049
3871 -257 -2561
3872 -769 -3841
3873 -257 -1025
3874 -1281 -3585
3875 -257 -2049
3876 -769 -2049
3877 -769 -2817
3878 -257 -1793
3879 -1537 -1537
3880 256 -3073
3881 -2049 -769
3882 256 -2561
3883 -1537 -1793
3884 -1025 -1025
3885 0 -3073
3886 -2561 -257
3887 256 -2817
3888 -1793 -1025
3889 -1537 -2049
3890 -513 -1793
3891 -2049 -1281
3892 -1793 -2305
3893 -769 -1025
3894 -3329 -2049
3895 -769 -1281
3896 -2561 -1537
3897 -2561 -1281
3898 -1281 -1281
3899 -3585 -769
3900 -1025 -1281
3901 -3329 -513
3902 -1793 -769
3903 -2561 -1025
3904 -2561 -1
3905 -2049 -1537
3906 -2305 -1
3907 -2561 -1025
3908 -2305 -1025
3909 -2305 -513
3910 -3329 -769
3911 -1281 -1025
3912 -4353 -1
3913 -1537 -769
3914 -3329 -513
3915 -3073 0
3916 -2049 -1025
3917 -4097 256
3918 -1537 -769
3919 -4097 256
3920 -2305 -513
3921 -3329 256
3922 -3329 -1
3923 -2561 -513
3924 -3329 1280
3925 -2817 -1537
3926 -2817 1280
3927 -3073 -769
3928 -3329 -1
3929 -2049 512
3930 -3841 -769
3931 -2305 512
3932 -2561 -513
3933 -3329 0
3934 -1281 -257
3935 -3329 -1
3936 -2049 -769
3937 -1793 256
3938 -3073 -1025
3939 -1025 0
3940 -2817 0
3941 -1793 -1281
3942 -1793 1280
3943 -2561 -1537
3944 -1281 512
3945 -2561 -1
3946 -1537 -769
3947 -1793 768
3948 -2049 -769
3949 -1537 0
3950 -1537 0
3951 -1793 -513
3952 -1025 -1
3953 -1793 0
3954 -1025 -769
3955 -1025 512
3956 -1537 -513
3957 -769 -257
3958 -1025 256
3959 -1025 -769
3960 -769 256
3961 -513 -257
3962 -1537 -257
3963 256 0
3964 -1793 -513
3965 -1 -1
3966 -1 -1
3967 -1793 -1025
3968 1024 512
3969 -1793 -1537
3970 256 0
3971 -1 -513
3972 -769 -1537
3973 768 768
3974 -769 -2561
3975 0 768
3976 256 -1537
3977 -513 -257
3978 1024 -1
3979 -257 -1793
3980 256 1280
3981 768 -2305
3982 -513 1024
3983 1792 -769
3984 -769 -769
3985 1792 512
3986 -1 -1793
3987 1024 512
3988 1280 -1537
3989 0 -513
3990 2304 -513
3991 -257 -1281
3992 2560 -257
3993 0 -1537
3994 1792 -513
3995 1024 -1025
3996 1280 -769
3997 1024 -769
3998 1024 -769
3999 1536 -257
4000 512 -1025
4001 2816 -1
4002 0 -769
4003 2816 -257
4004 1024 -257
4005 1792 -513
4006 2048 -1
4007 1536 -1025
4008 1792 0
4009 2048 -1025
4010 1792 -257
4011 1024 -257
4012 3072 -1281
4013 -1 256
4014 3328 -1281
4015 512 -513
4016 1536 -1
4017 2560 -1281
4018 -1 -257
4019 3328 -513
4020 0 -1025
4021 2048 -257
4022 1536 -769
4023 768 -1025
4024 2304 -257
4025 768 -1025
4026 1536 -769
4027 1792 -513
4028 768 -1025
4029 2048 -513
4030 1280 -769
4031 1024 -769
4032 2304 -769
4033 768 -769
4034 1792 -1025
4035 1536 -1025
4036 768 -1025
4037 1792 -1281
4038 1024 -769
4039 1024 -1281
4040 2048 -769
4041 512 -1281
4042 2048 -1281
4043 1280 -1025
4044 1024 -1281
4045 2304 -1281
4046 768 -1281
4047 2304 -1025
4048 1536 -1793
4049 1536 -513
4050 2304 -2049
4051 1280 -1025
4052 1536 -1281
4053 2048 -1793
4054 768 -513
4055 2048 -2305
4056 1024 -769
4057 1280 -1793
4058 1792 -1025
4059 768 -1281
4060 1792 -1537
4061 512 -769
4062 1792 -1793
4063 768 -1025
4064 1536 -1537
4065 1024 -1537
4066 1280 -1025
4067 1024 -1537
4068 1024 -1793
4069 1536 -1025
4070 512 -2817
4071 2048 -1281
4072 0 -2305
4073 2048 -2561
4074 768 -1537
4075 1024 -3329
4076 2048 -1537
4077 256 -3329
4078 2048 -1793
4079 768 -2817
4080 768 -2305
4081 1536 -2049
4082 256 -2817
4083 768 -1281
4084 1280 -3073
4085 -257 -1537
4086 1792 -2817
4087 -1 -2305
4088 768 -2305
4089 768 -2817
4090 256 -2305
4091 768 -2817
4092 0 -2305
4093 768 -2817
4094 -257 -2561
4095 1024 -2305
4096 -1025 -2817
4097 1024 -2049
4098 -769 -2561
4099 -1 -2561
4100 256 -2049
4101 -1537 -3329
4102 1024 -1537
4103 -1025 -3585
4104 -1 -2049
4105 -1 -2817
4106 -257 -3329
4107 -513 -1281
4108 512 -4353
4109 -1793 -513
4110 512 -4097
4111 -1025 -1537
4112 -1281 -2305
4113 512 -3073
4114 -2817 -513
4115 512 -3841
4116 -2049 -257
4117 -257 -3585
4118 -1025 -1281
4119 -769 -2561
4120 -1025 -2561
4121 -513 -1537
4122 -769 -3585
4123 -1281 -769
4124 0 -3841
4125 -2305 -1281
4126 512 -2817
4127 -2561 -2049
4128 0 -2049
4129 -2049 -2817
4130 -1025 -1281
4131 -513 -3329
4132 -2561 -1281
4133 256 -2817
4134 -3329 -2305
4135 -1 -1793
4136 -2049 -2817
4137 -1537 -1537
4138 -1537 -2305
4139 -2049 -2049
4140 -1793 -1793
4141 -1793 -1793
4142 -1793 -2049
4143 -2561 -1281
4144 -1281 -1537
4145 -3073 -1537
4146 -1281 -1025
4147 -2817 -1793
4148 -1793 -1281
4149 -2049 -1281
4150 -2305 -1537
4151 -1793 -1025
4152 -2305 -1281
4153 -1793 -1281
4154 -2049 -769
4155 -1793 -1281
4156 -2305 -769
4157 -1281 -769
4158 -2561 -1025
4159 -1281 -257
4160 -2049 -1025
4161 -1793 -1
4162 -1537 -769
4163 -1793 -257
4164 -1537 -1
4165 -1793 -769
4166 -1281 256
4167 -2561 -769
4168 -513 0
4169 -2817 0
4170 -1025 0
4171 -1793 256
4172 -2305 256
4173 -769 512
4174 -2817 256
4175 -769 1280
4176 -2049 0
4177 -1025 1536
4178 -1537 768
4179 -1537 768
4180 -769 1280
4181 -2049 768
4182 -513 1280
4183 -1793 1024
4184 -769 1280
4185 -1025 512
4186 -1537 2048
4187 -257 256
4188 -1281 1536
4189 -513 1792
4190 -513 0
4191 -513 3072
4192 -1 512
4193 -513 1792
4194 -1 2560
4195 -257 768
4196 0 3328
4197 -1 1536
4198 0 2560
4199 0 3328
4200 -257 2048
4201 256 3072
4202 -513 3072
4203 512 2048
4204 -1 3840
4205 0 2816
4206 512 2560
4207 0 4608
4208 768 2048
4209 0 4096
4210 1280 3584
4211 0 3072
4212 1536 4608
4213 768 3328
4214 768 3840
4215 2304 4096
4216 -1 4096
4217 2816 3328
4218 256 4864
4219 1536 2816
4220 2048 4864
4221 0 3840
4222 2560 3840
4223 256 5376
4224 1792 2560
4225 1280 6144
4226 768 3072
4227 2304 5120
4228 256 4608
4229 2048 4096
4230 1280 5376
4231 1024 4352
4232 2560 5376
4233 512 4608
4234 2816 5632
4235 1280 4352
4236 1536 6144
4237 2560 4352
4238 512 6144
4239 3072 5120
4240 512 5376
4241 2304 5888
4242 1280 4352
4243 1536 7168
4244 1792 3584
4245 1024 6912
4246 2304 4608
4247 512 4864
4248 3328 6400
4249 -1 4096
4250 3584 6144
4251 512 5120
4252 1536 4864
4253 3328 5888
4254 -769 5120
4255 4352 5120
4256 -513 6144
4257 2560 4352
4258 1280 6656
4259 512 4608
4260 2304 5888
4261 0 5888
4262 2048 4608
4263 256 6400
4264 1792 4352
4265 768 6144
4266 1280 4608
4267 1536 5632
4268 1024 4864
4269 1280 5376
4270 1792 5120
4271 256 4608
4272 2304 5120
4273 512 4864
4274 1024 4608
4275 2304 5120
4276 -1025 5120
4277 3328 3584
4278 -1025 6912
4279 768 2560
4280 1280 6656
4281 -1537 4352
4282 1792 3840
4283 -513 7168
4284 -1 2048
4285 1024 7168
4286 -769 3072
4287 0 5120
4288 768 4864
4289 -1793 3328
4290 1792 5376
4291 -1281 3328
4292 0 4352
4293 512 3584
4294 -1793 4096
4295 1280 3072
4296 -1793 4352
4297 256 2560
4298 -769 3584
4299 -769 3584
4300 -1 2304
4301 -1025 4096
4302 -1 2048
4303 -769 3840
4304 -1 2304
4305 -769 3584
4306 -1 2816
4307 -257 2304
4308 -513 4096
4309 0 1024
4310 -1025 4608
4311 -257 1280
4312 -1 2560
4313 -1281 3328
4314 0 0
4315 -1025 4608
4316 -513 -513
4317 -1 3328
4318 -1025 1280
4319 -257 256
4320 -513 3584
4321 -513 -1025
4322 -513 3328
4323 -257 0
4324 -1281 1024
4325 0 1792
4326 -1281 -513
4327 -257 1536
4328 -257 -257
4329 -1537 0
4330 512 0
4331 -1793 -769
4332 -1 -1
4333 -513 -513
4334 -1537 -1281
4335 0 256
4336 -1793 -2049
4337 -513 256
4338 -769 -769
4339 -1281 -1025
4340 -257 768
4341 -1537 -1793
4342 -513 512
4343 -1281 -769
4344 -769 -769
4345 -769 0
4346 -1281 -1281
4347 -1 -513
4348 -2049 -257
4349 -1 -1537
4350 -1793 -257
4351 -1025 -769
4352 -1025 -2049
4353 -2305 256
4354 -513 -2561
4355 -2817 -513
4356 -769 -1025
4357 -2049 -2817
4358 -1537 0
4359 -1281 -3073
4360 -1793 -1281
4361 -1281 -1281
4362 -1793 -3329
4363 -1025 -769
4364 -2049 -3073
4365 -769 -2049
4366 -2049 -1537
4367 -1281 -3329
4368 -1537 -1281
4369 -2049 -2817
4370 -1281 -2305
4371 -2305 -1537
4372 -1537 -3329
4373 -2049 -1281
4374 -1793 -2817
4375 -1793 -2817
4376 -2049 -1281
4377 -1537 -4097
4378 -1793 -1537
4379 -2049 -3073
4380 -1537 -3329
4381 -2049 -1537
4382 -1793 -4353
4383 -1537 -2049
4384 -2049 -3329
4385 -1537 -3073
4386 -1281 -2817
4387 -2049 -3073
4388 -1281 -3073
4389 -1281 -3073
4390 -2049 -2817
4391 -769 -4097
4392 -1793 -1793
4393 -1537 -4097
4394 -769 -2561
4395 -2049 -2561
4396 -1281 -3841
4397 -1281 -1537
4398 -2049 -3585
4399 -769 -2561
4400 -2305 -2305
4401 -1025 -3073
4402 -1793 -2561
4403 -2049 -2561
4404 -769 -2817
4405 -3329 -2561
4406 -257 -2561
4407 -2561 -3329
4408 -1793 -2305
4409 -1025 -3329
